====================================================================================================
g = 1 : groups (W-classes, rho in G) = 1 ; transitive groups = 1 ; (G,Phi) cases (G-orbits of types) = 1
   (G,Phi) up to N_W(G) (i.e. up to W-conjugacy of pairs): 1
  ALL                    cases=     1  d-distribution={0: 1}  KEY TEST pass=1 fail=0
  REDUCED                cases=     1  d-distribution={0: 1}  KEY TEST pass=1 fail=0
  REDUCED & transitive   cases=     1  d-distribution={0: 1}  KEY TEST pass=1 fail=0
  REDUCED & non-simple   cases=     0  d-distribution={}  KEY TEST pass=0 fail=0
  non-reduced failures: 0 ; of which reduced model passes: 0 ; reduced model is reduced: 0
  non-reduced cases: 0 ; dimMT(reduced model) == dimMT check ok: 0
  REDUCED FAILURES: none
  Reduced (G,Phi) with d>=1:
   gid   |G|    orbit sizes    orbit TI                 Phi                          d   pass  Ncls   admissible (K,J,B,|B|)
  Reduced d>=1 by factor-dimension partition (dims of E_i / 2):
====================================================================================================
g = 2 : groups (W-classes, rho in G) = 5 ; transitive groups = 3 ; (G,Phi) cases (G-orbits of types) = 7
   (G,Phi) up to N_W(G) (i.e. up to W-conjugacy of pairs): 5
  ALL                    cases=     7  d-distribution={0: 3, 1: 4}  KEY TEST pass=7 fail=0
  REDUCED                cases=     3  d-distribution={0: 3}  KEY TEST pass=3 fail=0
  REDUCED & transitive   cases=     2  d-distribution={0: 2}  KEY TEST pass=2 fail=0
  REDUCED & non-simple   cases=     1  d-distribution={0: 1}  KEY TEST pass=1 fail=0
  non-reduced failures: 0 ; of which reduced model passes: 0 ; reduced model is reduced: 0
  non-reduced cases: 4 ; dimMT(reduced model) == dimMT check ok: 4
  REDUCED FAILURES: none
  Reduced (G,Phi) with d>=1:
   gid   |G|    orbit sizes    orbit TI                 Phi                          d   pass  Ncls   admissible (K,J,B,|B|)
  Reduced d>=1 by factor-dimension partition (dims of E_i / 2):
====================================================================================================
g = 3 : groups (W-classes, rho in G) = 11 ; transitive groups = 4 ; (G,Phi) cases (G-orbits of types) = 20
   (G,Phi) up to N_W(G) (i.e. up to W-conjugacy of pairs): 14
  ALL                    cases=    20  d-distribution={0: 7, 1: 5, 2: 8}  KEY TEST pass=16 fail=4
  REDUCED                cases=     7  d-distribution={0: 7}  KEY TEST pass=7 fail=0
  REDUCED & transitive   cases=     4  d-distribution={0: 4}  KEY TEST pass=4 fail=0
  REDUCED & non-simple   cases=     3  d-distribution={0: 3}  KEY TEST pass=3 fail=0
  non-reduced failures: 4 ; of which reduced model passes: 4 ; reduced model is reduced: 4
  non-reduced cases: 13 ; dimMT(reduced model) == dimMT check ok: 13
  REDUCED FAILURES: none
  Reduced (G,Phi) with d>=1:
   gid   |G|    orbit sizes    orbit TI                 Phi                          d   pass  Ncls   admissible (K,J,B,|B|)
  Reduced d>=1 by factor-dimension partition (dims of E_i / 2):
====================================================================================================
g = 4 : groups (W-classes, rho in G) = 99 ; transitive groups = 38 ; (G,Phi) cases (G-orbits of types) = 214
   (G,Phi) up to N_W(G) (i.e. up to W-conjugacy of pairs): 126
  ALL                    cases=   214  d-distribution={0: 95, 1: 29, 2: 58, 3: 32}  KEY TEST pass=159 fail=55
  REDUCED                cases=   101  d-distribution={0: 95, 1: 6}  KEY TEST pass=101 fail=0
  REDUCED & transitive   cases=    50  d-distribution={0: 48, 1: 2}  KEY TEST pass=50 fail=0
  REDUCED & non-simple   cases=    51  d-distribution={0: 47, 1: 4}  KEY TEST pass=51 fail=0
  non-reduced failures: 55 ; of which reduced model passes: 55 ; reduced model is reduced: 55
  non-reduced cases: 113 ; dimMT(reduced model) == dimMT check ok: 113
  REDUCED FAILURES: none
  Reduced (G,Phi) with d>=1:
   gid   |G|    orbit sizes    orbit TI                 Phi                          d   pass  Ncls   admissible (K,J,B,|B|)
   7     6      [2, 6]         2T1,6T1                  [0, 1, 2, 7]                 1   True  1      [(0, [0, 1], [0, 5, 6, 7], 4)]
   7     6      [2, 6]         2T1,6T1                  [0, 1, 6, 7]                 1   True  1      [(0, [0, 1], [0, 1, 2, 3], 4)]
   28    12     [2, 6]         2T1,6T3                  [0, 1, 2, 7]                 1   True  1      [(0, [0, 1], [0, 5, 6, 7], 4)]
   28    12     [2, 6]         2T1,6T3                  [0, 1, 6, 7]                 1   True  1      [(0, [0, 1], [0, 1, 2, 3], 4)]
   59    24     [8]            8T13                     [0, 1, 6, 7]                 1   True  2      [(0, [0], [0, 1, 2, 3], 4)]
   83    48     [8]            8T24                     [0, 1, 6, 7]                 1   True  2      [(0, [0], [0, 1, 2, 3], 4)]
  Reduced d>=1 by factor-dimension partition (dims of E_i / 2):
   (4,)             {'cases': 2, 'd=1': 2, 'pass': 2, 'Ncls': 0}  (N_W-classes: 2)
   (3, 1)           {'cases': 4, 'd=1': 4, 'pass': 4, 'Ncls': 0}  (N_W-classes: 2)
====================================================================================================
g = 5 : groups (W-classes, rho in G) = 197 ; transitive groups = 10 ; (G,Phi) cases (G-orbits of types) = 578
   (G,Phi) up to N_W(G) (i.e. up to W-conjugacy of pairs): 315
  ALL                    cases=   578  d-distribution={0: 136, 1: 139, 2: 125, 3: 117, 4: 61}  KEY TEST pass=371 fail=207
  REDUCED                cases=   157  d-distribution={0: 136, 1: 21}  KEY TEST pass=147 fail=10
  REDUCED & transitive   cases=    17  d-distribution={0: 17}  KEY TEST pass=17 fail=0
  REDUCED & non-simple   cases=   140  d-distribution={0: 119, 1: 21}  KEY TEST pass=130 fail=10
  non-reduced failures: 197 ; of which reduced model passes: 197 ; reduced model is reduced: 197
  non-reduced cases: 421 ; dimMT(reduced model) == dimMT check ok: 421
  !!! REDUCED FAILURES:
   gid=16 |G|=8 orbits=[8, 2] TI=['8T3', '2T1'] Phi=[0, 1, 2, 4, 8] dimMT=5 d=1 LU=[[1, 1, 1, 1, -2]] rankW=0 LW=[] index=None adm=[]
     gens=[[2, 3, 0, 1, 4, 7, 8, 5, 6, 9], [3, 2, 1, 0, 4, 8, 7, 6, 5, 9], [5, 6, 7, 8, 9, 0, 1, 2, 3, 4]]
   gid=16 |G|=8 orbits=[8, 2] TI=['8T3', '2T1'] Phi=[0, 1, 2, 8, 9] dimMT=5 d=1 LU=[[1, 1, 1, 1, 2]] rankW=0 LW=[] index=None adm=[]
     gens=[[2, 3, 0, 1, 4, 7, 8, 5, 6, 9], [3, 2, 1, 0, 4, 8, 7, 6, 5, 9], [5, 6, 7, 8, 9, 0, 1, 2, 3, 4]]
   gid=26 |G|=8 orbits=[8, 2] TI=['8T2', '2T1'] Phi=[0, 1, 2, 4, 8] dimMT=5 d=1 LU=[[1, 1, 1, 1, -2]] rankW=0 LW=[] index=None adm=[]
     gens=[[3, 0, 1, 2, 4, 8, 5, 6, 7, 9], [5, 6, 7, 8, 9, 0, 1, 2, 3, 4]]
   gid=26 |G|=8 orbits=[8, 2] TI=['8T2', '2T1'] Phi=[0, 1, 2, 8, 9] dimMT=5 d=1 LU=[[1, 1, 1, 1, 2]] rankW=0 LW=[] index=None adm=[]
     gens=[[3, 0, 1, 2, 4, 8, 5, 6, 7, 9], [5, 6, 7, 8, 9, 0, 1, 2, 3, 4]]
   gid=70 |G|=16 orbits=[8, 2] TI=['8T9', '2T1'] Phi=[0, 1, 2, 4, 8] dimMT=5 d=1 LU=[[1, 1, 1, 1, -2]] rankW=0 LW=[] index=None adm=[]
     gens=[[0, 1, 3, 2, 4, 5, 6, 8, 7, 9], [1, 0, 3, 2, 4, 6, 5, 8, 7, 9], [2, 3, 0, 1, 4, 7, 8, 5, 6, 9], [5, 6, 7, 8, 9, 0, 1, 2, 3, 4]]
   gid=70 |G|=16 orbits=[8, 2] TI=['8T9', '2T1'] Phi=[0, 1, 2, 8, 9] dimMT=5 d=1 LU=[[1, 1, 1, 1, 2]] rankW=0 LW=[] index=None adm=[]
     gens=[[0, 1, 3, 2, 4, 5, 6, 8, 7, 9], [1, 0, 3, 2, 4, 6, 5, 8, 7, 9], [2, 3, 0, 1, 4, 7, 8, 5, 6, 9], [5, 6, 7, 8, 9, 0, 1, 2, 3, 4]]
   gid=75 |G|=24 orbits=[8, 2] TI=['8T13', '2T1'] Phi=[0, 1, 2, 4, 8] dimMT=5 d=1 LU=[[1, 1, 1, 1, -2]] rankW=0 LW=[] index=None adm=[]
     gens=[[2, 0, 1, 3, 4, 7, 5, 6, 8, 9], [3, 0, 2, 1, 4, 8, 5, 7, 6, 9], [5, 6, 7, 8, 9, 0, 1, 2, 3, 4]]
   gid=75 |G|=24 orbits=[8, 2] TI=['8T13', '2T1'] Phi=[0, 1, 2, 8, 9] dimMT=5 d=1 LU=[[1, 1, 1, 1, 2]] rankW=0 LW=[] index=None adm=[]
     gens=[[2, 0, 1, 3, 4, 7, 5, 6, 8, 9], [3, 0, 2, 1, 4, 8, 5, 7, 6, 9], [5, 6, 7, 8, 9, 0, 1, 2, 3, 4]]
   gid=136 |G|=48 orbits=[8, 2] TI=['8T24', '2T1'] Phi=[0, 1, 2, 4, 8] dimMT=5 d=1 LU=[[1, 1, 1, 1, -2]] rankW=0 LW=[] index=None adm=[]
     gens=[[0, 1, 3, 2, 4, 5, 6, 8, 7, 9], [0, 3, 2, 1, 4, 5, 8, 7, 6, 9], [2, 1, 0, 3, 4, 7, 6, 5, 8, 9], [5, 6, 7, 8, 9, 0, 1, 2, 3, 4]]
   gid=136 |G|=48 orbits=[8, 2] TI=['8T24', '2T1'] Phi=[0, 1, 2, 8, 9] dimMT=5 d=1 LU=[[1, 1, 1, 1, 2]] rankW=0 LW=[] index=None adm=[]
     gens=[[0, 1, 3, 2, 4, 5, 6, 8, 7, 9], [0, 3, 2, 1, 4, 5, 8, 7, 6, 9], [2, 1, 0, 3, 4, 7, 6, 5, 8, 9], [5, 6, 7, 8, 9, 0, 1, 2, 3, 4]]
  Reduced (G,Phi) with d>=1:
   gid   |G|    orbit sizes    orbit TI                 Phi                          d   pass  Ncls   admissible (K,J,B,|B|)
   16    8      [8, 2]         8T3,2T1                  [0, 1, 2, 4, 8]              1   False 1      []
   16    8      [8, 2]         8T3,2T1                  [0, 1, 2, 8, 9]              1   False 1      []
   26    8      [8, 2]         8T2,2T1                  [0, 1, 2, 4, 8]              1   False 1      []
   26    8      [8, 2]         8T2,2T1                  [0, 1, 2, 8, 9]              1   False 1      []
   32    12     [2, 6, 2]      2T1,6T3,2T1              [0, 1, 2, 4, 8]              1   True  1      [(1, [0, 1], [0, 6, 7, 8], 4)]
   32    12     [2, 6, 2]      2T1,6T3,2T1              [0, 1, 4, 7, 8]              1   True  1      [(1, [0, 1], [0, 1, 2, 3], 4)]
   33    12     [2, 6, 2]      2T1,6T1,2T1              [0, 1, 2, 4, 8]              1   True  1      [(0, [1, 2], [1, 2, 3, 9], 4)]
   33    12     [2, 6, 2]      2T1,6T1,2T1              [0, 1, 2, 8, 9]              1   True  1      [(0, [1, 2], [1, 2, 3, 4], 4)]
   70    16     [8, 2]         8T9,2T1                  [0, 1, 2, 4, 8]              1   False 1      []
   70    16     [8, 2]         8T9,2T1                  [0, 1, 2, 8, 9]              1   False 1      []
   75    24     [8, 2]         8T13,2T1                 [0, 1, 2, 4, 8]              1   False 1      []
   75    24     [8, 2]         8T13,2T1                 [0, 1, 2, 8, 9]              1   False 1      []
   75    24     [8, 2]         8T13,2T1                 [0, 1, 4, 7, 8]              1   True  2      [(0, [0], [0, 1, 2, 3], 4)]
   82    24     [2, 6, 2]      2T1,6T3,2T1              [0, 1, 2, 4, 8]              1   True  1      [(0, [1, 2], [1, 2, 3, 9], 4)]
   82    24     [2, 6, 2]      2T1,6T3,2T1              [0, 1, 2, 8, 9]              1   True  1      [(0, [1, 2], [1, 2, 3, 4], 4)]
   130   48     [8, 2]         8T24,2T1                 [0, 1, 4, 7, 8]              1   True  2      [(1, [0], [0, 1, 2, 3], 4)]
   136   48     [8, 2]         8T24,2T1                 [0, 1, 2, 4, 8]              1   False 1      []
   136   48     [8, 2]         8T24,2T1                 [0, 1, 2, 8, 9]              1   False 1      []
   136   48     [8, 2]         8T24,2T1                 [0, 1, 4, 7, 8]              1   True  2      [(0, [0], [0, 1, 2, 3], 4)]
   137   48     [8, 2]         8T13,2T1                 [0, 1, 4, 7, 8]              1   True  2      [(1, [0], [0, 1, 2, 3], 4)]
   166   96     [8, 2]         8T24,2T1                 [0, 1, 4, 7, 8]              1   True  2      [(1, [0], [0, 1, 2, 3], 4)]
  Reduced d>=1 by factor-dimension partition (dims of E_i / 2):
   (4, 1)           {'cases': 15, 'd=1': 15, 'FAIL': 10, 'Ncls': 0, 'pass': 5}  (N_W-classes: 10)
   (3, 1, 1)        {'cases': 6, 'd=1': 6, 'pass': 6, 'Ncls': 0}  (N_W-classes: 3)
====================================================================================================
g = 6 : groups (W-classes, rho in G) = 2455 ; transitive groups = 142 ; (G,Phi) cases (G-orbits of types) = 7401
   (G,Phi) up to N_W(G) (i.e. up to W-conjugacy of pairs): 3791
  ALL                    cases=  7401  d-distribution={0: 2722, 1: 1244, 2: 1601, 3: 969, 4: 660, 5: 205}  KEY TEST pass=4960 fail=2441
  REDUCED                cases=  2870  d-distribution={0: 2722, 1: 110, 2: 38}  KEY TEST pass=2806 fail=64
  REDUCED & transitive   cases=   280  d-distribution={0: 259, 1: 21}  KEY TEST pass=280 fail=0
  REDUCED & non-simple   cases=  2590  d-distribution={0: 2463, 1: 89, 2: 38}  KEY TEST pass=2526 fail=64
  non-reduced failures: 2377 ; of which reduced model passes: 2377 ; reduced model is reduced: 2377
  non-reduced cases: 4531 ; dimMT(reduced model) == dimMT check ok: 4531
  !!! REDUCED FAILURES:
   gid=49 |G|=8 orbits=[8, 4] TI=['8T2', '4T1'] Phi=[0, 1, 2, 3, 4, 11] dimMT=5 d=2 LU=[[1, -1, 0, -2, 1, -1], [0, 0, 1, 1, -1, 1]] rankW=0 LW=[] index=None adm=[]
     gens=[[4, 5, 9, 2, 1, 0, 10, 11, 3, 8, 7, 6], [6, 7, 8, 9, 10, 11, 0, 1, 2, 3, 4, 5]]
   gid=49 |G|=8 orbits=[8, 4] TI=['8T2', '4T1'] Phi=[0, 1, 2, 3, 5, 10] dimMT=5 d=2 LU=[[1, -1, 0, 2, 1, -1], [0, 0, 1, 1, 1, -1]] rankW=0 LW=[] index=None adm=[]
     gens=[[4, 5, 9, 2, 1, 0, 10, 11, 3, 8, 7, 6], [6, 7, 8, 9, 10, 11, 0, 1, 2, 3, 4, 5]]
   gid=49 |G|=8 orbits=[8, 4] TI=['8T2', '4T1'] Phi=[0, 1, 2, 4, 9, 11] dimMT=5 d=2 LU=[[1, -1, 0, -2, -1, 1], [0, 0, 1, -1, -1, 1]] rankW=0 LW=[] index=None adm=[]
     gens=[[4, 5, 9, 2, 1, 0, 10, 11, 3, 8, 7, 6], [6, 7, 8, 9, 10, 11, 0, 1, 2, 3, 4, 5]]
   gid=49 |G|=8 orbits=[8, 4] TI=['8T2', '4T1'] Phi=[0, 1, 2, 5, 9, 10] dimMT=5 d=2 LU=[[1, -1, 0, 2, -1, 1], [0, 0, 1, -1, 1, -1]] rankW=0 LW=[] index=None adm=[]
     gens=[[4, 5, 9, 2, 1, 0, 10, 11, 3, 8, 7, 6], [6, 7, 8, 9, 10, 11, 0, 1, 2, 3, 4, 5]]
   gid=51 |G|=8 orbits=[8, 2, 2] TI=['8T3', '2T1', '2T1'] Phi=[0, 1, 2, 3, 4, 11] dimMT=5 d=2 LU=[[1, 0, -1, 1, 0, 1], [0, 1, -1, -1, 1, 0]] rankW=0 LW=[] index=None adm=[]
     gens=[[1, 0, 2, 9, 5, 4, 7, 6, 8, 3, 11, 10], [5, 4, 2, 3, 1, 0, 11, 10, 8, 9, 7, 6], [6, 7, 8, 9, 10, 11, 0, 1, 2, 3, 4, 5]]
   gid=51 |G|=8 orbits=[8, 2, 2] TI=['8T3', '2T1', '2T1'] Phi=[0, 1, 2, 3, 5, 10] dimMT=5 d=2 LU=[[1, 0, -1, -1, 0, 1], [0, 1, -1, 1, 1, 0]] rankW=0 LW=[] index=None adm=[]
     gens=[[1, 0, 2, 9, 5, 4, 7, 6, 8, 3, 11, 10], [5, 4, 2, 3, 1, 0, 11, 10, 8, 9, 7, 6], [6, 7, 8, 9, 10, 11, 0, 1, 2, 3, 4, 5]]
   gid=51 |G|=8 orbits=[8, 2, 2] TI=['8T3', '2T1', '2T1'] Phi=[0, 1, 3, 4, 8, 11] dimMT=5 d=2 LU=[[1, 0, 1, 1, 0, 1], [0, 1, 1, -1, 1, 0]] rankW=0 LW=[] index=None adm=[]
     gens=[[1, 0, 2, 9, 5, 4, 7, 6, 8, 3, 11, 10], [5, 4, 2, 3, 1, 0, 11, 10, 8, 9, 7, 6], [6, 7, 8, 9, 10, 11, 0, 1, 2, 3, 4, 5]]
   gid=51 |G|=8 orbits=[8, 2, 2] TI=['8T3', '2T1', '2T1'] Phi=[0, 1, 3, 5, 8, 10] dimMT=5 d=2 LU=[[1, 0, 1, -1, 0, 1], [0, 1, 1, 1, 1, 0]] rankW=0 LW=[] index=None adm=[]
     gens=[[1, 0, 2, 9, 5, 4, 7, 6, 8, 3, 11, 10], [5, 4, 2, 3, 1, 0, 11, 10, 8, 9, 7, 6], [6, 7, 8, 9, 10, 11, 0, 1, 2, 3, 4, 5]]
   gid=52 |G|=8 orbits=[8, 2, 2] TI=['8T2', '2T1', '2T1'] Phi=[0, 1, 2, 3, 4, 11] dimMT=5 d=2 LU=[[1, 1, 0, -2, -1, -1], [0, 0, 1, -1, -1, -1]] rankW=0 LW=[] index=None adm=[]
     gens=[[4, 5, 2, 9, 1, 0, 10, 11, 8, 3, 7, 6], [6, 7, 8, 9, 10, 11, 0, 1, 2, 3, 4, 5]]
   gid=52 |G|=8 orbits=[8, 2, 2] TI=['8T2', '2T1', '2T1'] Phi=[0, 1, 2, 4, 9, 11] dimMT=5 d=2 LU=[[1, 1, 0, 2, -1, -1], [0, 0, 1, 1, -1, -1]] rankW=0 LW=[] index=None adm=[]
     gens=[[4, 5, 2, 9, 1, 0, 10, 11, 8, 3, 7, 6], [6, 7, 8, 9, 10, 11, 0, 1, 2, 3, 4, 5]]
   gid=52 |G|=8 orbits=[8, 2, 2] TI=['8T2', '2T1', '2T1'] Phi=[0, 1, 3, 4, 8, 11] dimMT=5 d=2 LU=[[1, 1, 0, -2, -1, -1], [0, 0, 1, 1, 1, 1]] rankW=0 LW=[] index=None adm=[]
     gens=[[4, 5, 2, 9, 1, 0, 10, 11, 8, 3, 7, 6], [6, 7, 8, 9, 10, 11, 0, 1, 2, 3, 4, 5]]
   gid=52 |G|=8 orbits=[8, 2, 2] TI=['8T2', '2T1', '2T1'] Phi=[0, 1, 4, 8, 9, 11] dimMT=5 d=2 LU=[[1, 1, 0, 2, -1, -1], [0, 0, 1, -1, 1, 1]] rankW=0 LW=[] index=None adm=[]
     gens=[[4, 5, 2, 9, 1, 0, 10, 11, 8, 3, 7, 6], [6, 7, 8, 9, 10, 11, 0, 1, 2, 3, 4, 5]]
   gid=59 |G|=8 orbits=[8, 4] TI=['8T2', '4T1'] Phi=[0, 1, 2, 3, 4, 11] dimMT=5 d=2 LU=[[1, 1, 0, -2, 1, 1], [0, 0, 1, -1, 1, 1]] rankW=0 LW=[] index=None adm=[]
     gens=[[11, 10, 9, 2, 1, 0, 5, 4, 3, 8, 7, 6], [1, 0, 2, 3, 5, 4, 7, 6, 8, 9, 11, 10]]
   gid=59 |G|=8 orbits=[8, 4] TI=['8T2', '4T1'] Phi=[0, 1, 2, 4, 9, 11] dimMT=5 d=2 LU=[[1, 1, 0, 2, -1, -1], [0, 0, 1, 1, -1, -1]] rankW=0 LW=[] index=None adm=[]
     gens=[[11, 10, 9, 2, 1, 0, 5, 4, 3, 8, 7, 6], [1, 0, 2, 3, 5, 4, 7, 6, 8, 9, 11, 10]]
   gid=59 |G|=8 orbits=[8, 4] TI=['8T2', '4T1'] Phi=[0, 1, 3, 4, 8, 11] dimMT=5 d=2 LU=[[1, 1, 0, -2, -1, -1], [0, 0, 1, 1, 1, 1]] rankW=0 LW=[] index=None adm=[]
     gens=[[11, 10, 9, 2, 1, 0, 5, 4, 3, 8, 7, 6], [1, 0, 2, 3, 5, 4, 7, 6, 8, 9, 11, 10]]
   gid=59 |G|=8 orbits=[8, 4] TI=['8T2', '4T1'] Phi=[0, 1, 4, 8, 9, 11] dimMT=5 d=2 LU=[[1, 1, 0, 2, 1, 1], [0, 0, 1, -1, -1, -1]] rankW=0 LW=[] index=None adm=[]
     gens=[[11, 10, 9, 2, 1, 0, 5, 4, 3, 8, 7, 6], [1, 0, 2, 3, 5, 4, 7, 6, 8, 9, 11, 10]]
   gid=64 |G|=8 orbits=[4, 4, 4] TI=['4T3', '4T3', '4T3'] Phi=[0, 1, 2, 3, 4, 11] dimMT=5 d=2 LU=[[1, 0, -1, -1, 1, 0], [0, 1, -1, 1, 0, 1]] rankW=0 LW=[] index=None adm=[]
     gens=[[0, 7, 3, 2, 4, 11, 6, 1, 9, 8, 10, 5], [1, 0, 2, 9, 5, 4, 7, 6, 8, 3, 11, 10], [6, 7, 8, 9, 10, 11, 0, 1, 2, 3, 4, 5]]
   gid=64 |G|=8 orbits=[4, 4, 4] TI=['4T3', '4T3', '4T3'] Phi=[0, 1, 2, 3, 5, 10] dimMT=5 d=2 LU=[[1, 0, -1, -1, -1, 0], [0, 1, -1, 1, 0, -1]] rankW=0 LW=[] index=None adm=[]
     gens=[[0, 7, 3, 2, 4, 11, 6, 1, 9, 8, 10, 5], [1, 0, 2, 9, 5, 4, 7, 6, 8, 3, 11, 10], [6, 7, 8, 9, 10, 11, 0, 1, 2, 3, 4, 5]]
   gid=64 |G|=8 orbits=[4, 4, 4] TI=['4T3', '4T3', '4T3'] Phi=[0, 1, 3, 4, 8, 11] dimMT=5 d=2 LU=[[1, 0, 1, 1, -1, 0], [0, 1, 1, -1, 0, -1]] rankW=0 LW=[] index=None adm=[]
     gens=[[0, 7, 3, 2, 4, 11, 6, 1, 9, 8, 10, 5], [1, 0, 2, 9, 5, 4, 7, 6, 8, 3, 11, 10], [6, 7, 8, 9, 10, 11, 0, 1, 2, 3, 4, 5]]
   gid=64 |G|=8 orbits=[4, 4, 4] TI=['4T3', '4T3', '4T3'] Phi=[0, 1, 3, 5, 8, 10] dimMT=5 d=2 LU=[[1, 0, 1, 1, 1, 0], [0, 1, 1, -1, 0, 1]] rankW=0 LW=[] index=None adm=[]
     gens=[[0, 7, 3, 2, 4, 11, 6, 1, 9, 8, 10, 5], [1, 0, 2, 9, 5, 4, 7, 6, 8, 3, 11, 10], [6, 7, 8, 9, 10, 11, 0, 1, 2, 3, 4, 5]]
   gid=68 |G|=10 orbits=[10, 2] TI=['10T1', '2T1'] Phi=[0, 1, 2, 3, 4, 11] dimMT=6 d=1 LU=[[1, 1, 1, 1, -3, 1]] rankW=0 LW=[] index=None adm=[]
     gens=[[2, 5, 3, 1, 4, 0, 8, 11, 9, 7, 10, 6], [6, 7, 8, 9, 10, 11, 0, 1, 2, 3, 4, 5]]
   gid=68 |G|=10 orbits=[10, 2] TI=['10T1', '2T1'] Phi=[0, 1, 2, 3, 10, 11] dimMT=6 d=1 LU=[[1, 1, 1, 1, 3, 1]] rankW=0 LW=[] index=None adm=[]
     gens=[[2, 5, 3, 1, 4, 0, 8, 11, 9, 7, 10, 6], [6, 7, 8, 9, 10, 11, 0, 1, 2, 3, 4, 5]]
   gid=238 |G|=16 orbits=[8, 2, 2] TI=['8T3', '2T1', '2T1'] Phi=[0, 1, 2, 3, 4, 11] dimMT=6 d=1 LU=[[1, 1, 0, -2, 1, 1]] rankW=0 LW=[] index=None adm=[]
     gens=[[0, 1, 8, 3, 4, 5, 6, 7, 2, 9, 10, 11], [1, 0, 2, 3, 5, 4, 7, 6, 8, 9, 11, 10], [5, 4, 2, 3, 1, 0, 11, 10, 8, 9, 7, 6], [6, 7, 2, 9, 10, 11, 0, 1, 8, 3, 4, 5]]
   gid=238 |G|=16 orbits=[8, 2, 2] TI=['8T3', '2T1', '2T1'] Phi=[0, 1, 2, 4, 9, 11] dimMT=6 d=1 LU=[[1, 1, 0, 2, 1, 1]] rankW=0 LW=[] index=None adm=[]
     gens=[[0, 1, 8, 3, 4, 5, 6, 7, 2, 9, 10, 11], [1, 0, 2, 3, 5, 4, 7, 6, 8, 9, 11, 10], [5, 4, 2, 3, 1, 0, 11, 10, 8, 9, 7, 6], [6, 7, 2, 9, 10, 11, 0, 1, 8, 3, 4, 5]]
   gid=270 |G|=16 orbits=[8, 2, 2] TI=['8T9', '2T1', '2T1'] Phi=[0, 1, 2, 3, 4, 11] dimMT=5 d=2 LU=[[1, 1, 0, -2, -1, -1], [0, 0, 1, -1, -1, -1]] rankW=0 LW=[] index=None adm=[]
     gens=[[0, 1, 2, 3, 5, 4, 6, 7, 8, 9, 11, 10], [1, 0, 2, 3, 5, 4, 7, 6, 8, 9, 11, 10], [5, 4, 2, 9, 1, 0, 11, 10, 8, 3, 7, 6], [6, 7, 8, 9, 10, 11, 0, 1, 2, 3, 4, 5]]
   gid=270 |G|=16 orbits=[8, 2, 2] TI=['8T9', '2T1', '2T1'] Phi=[0, 1, 2, 4, 9, 11] dimMT=5 d=2 LU=[[1, 1, 0, 2, -1, -1], [0, 0, 1, 1, -1, -1]] rankW=0 LW=[] index=None adm=[]
     gens=[[0, 1, 2, 3, 5, 4, 6, 7, 8, 9, 11, 10], [1, 0, 2, 3, 5, 4, 7, 6, 8, 9, 11, 10], [5, 4, 2, 9, 1, 0, 11, 10, 8, 3, 7, 6], [6, 7, 8, 9, 10, 11, 0, 1, 2, 3, 4, 5]]
   gid=270 |G|=16 orbits=[8, 2, 2] TI=['8T9', '2T1', '2T1'] Phi=[0, 1, 3, 4, 8, 11] dimMT=5 d=2 LU=[[1, 1, 0, -2, -1, -1], [0, 0, 1, 1, 1, 1]] rankW=0 LW=[] index=None adm=[]
     gens=[[0, 1, 2, 3, 5, 4, 6, 7, 8, 9, 11, 10], [1, 0, 2, 3, 5, 4, 7, 6, 8, 9, 11, 10], [5, 4, 2, 9, 1, 0, 11, 10, 8, 3, 7, 6], [6, 7, 8, 9, 10, 11, 0, 1, 2, 3, 4, 5]]
   gid=270 |G|=16 orbits=[8, 2, 2] TI=['8T9', '2T1', '2T1'] Phi=[0, 1, 4, 8, 9, 11] dimMT=5 d=2 LU=[[1, 1, 0, 2, -1, -1], [0, 0, 1, -1, 1, 1]] rankW=0 LW=[] index=None adm=[]
     gens=[[0, 1, 2, 3, 5, 4, 6, 7, 8, 9, 11, 10], [1, 0, 2, 3, 5, 4, 7, 6, 8, 9, 11, 10], [5, 4, 2, 9, 1, 0, 11, 10, 8, 3, 7, 6], [6, 7, 8, 9, 10, 11, 0, 1, 2, 3, 4, 5]]
   gid=274 |G|=16 orbits=[8, 4] TI=['8T10', '4T1'] Phi=[0, 1, 2, 3, 4, 11] dimMT=5 d=2 LU=[[1, 1, 0, -2, 1, 1], [0, 0, 1, -1, 1, 1]] rankW=0 LW=[] index=None adm=[]
     gens=[[10, 11, 9, 2, 1, 0, 4, 5, 3, 8, 7, 6], [0, 1, 2, 3, 5, 4, 6, 7, 8, 9, 11, 10], [1, 0, 2, 3, 5, 4, 7, 6, 8, 9, 11, 10], [6, 7, 8, 9, 10, 11, 0, 1, 2, 3, 4, 5]]
   gid=274 |G|=16 orbits=[8, 4] TI=['8T10', '4T1'] Phi=[0, 1, 2, 4, 9, 11] dimMT=5 d=2 LU=[[1, 1, 0, 2, -1, -1], [0, 0, 1, 1, -1, -1]] rankW=0 LW=[] index=None adm=[]
     gens=[[10, 11, 9, 2, 1, 0, 4, 5, 3, 8, 7, 6], [0, 1, 2, 3, 5, 4, 6, 7, 8, 9, 11, 10], [1, 0, 2, 3, 5, 4, 7, 6, 8, 9, 11, 10], [6, 7, 8, 9, 10, 11, 0, 1, 2, 3, 4, 5]]
   gid=274 |G|=16 orbits=[8, 4] TI=['8T10', '4T1'] Phi=[0, 1, 3, 4, 8, 11] dimMT=5 d=2 LU=[[1, 1, 0, -2, -1, -1], [0, 0, 1, 1, 1, 1]] rankW=0 LW=[] index=None adm=[]
     gens=[[10, 11, 9, 2, 1, 0, 4, 5, 3, 8, 7, 6], [0, 1, 2, 3, 5, 4, 6, 7, 8, 9, 11, 10], [1, 0, 2, 3, 5, 4, 7, 6, 8, 9, 11, 10], [6, 7, 8, 9, 10, 11, 0, 1, 2, 3, 4, 5]]
   gid=274 |G|=16 orbits=[8, 4] TI=['8T10', '4T1'] Phi=[0, 1, 4, 8, 9, 11] dimMT=5 d=2 LU=[[1, 1, 0, 2, 1, 1], [0, 0, 1, -1, -1, -1]] rankW=0 LW=[] index=None adm=[]
     gens=[[10, 11, 9, 2, 1, 0, 4, 5, 3, 8, 7, 6], [0, 1, 2, 3, 5, 4, 6, 7, 8, 9, 11, 10], [1, 0, 2, 3, 5, 4, 7, 6, 8, 9, 11, 10], [6, 7, 8, 9, 10, 11, 0, 1, 2, 3, 4, 5]]
   gid=283 |G|=16 orbits=[8, 4] TI=['8T9', '4T3'] Phi=[0, 1, 2, 4, 9, 11] dimMT=5 d=2 LU=[[1, -1, 0, 2, 1, -1], [0, 0, 1, -1, -1, 1]] rankW=0 LW=[] index=None adm=[]
     gens=[[0, 1, 3, 2, 5, 4, 6, 7, 9, 8, 11, 10], [1, 0, 8, 9, 5, 4, 7, 6, 2, 3, 11, 10], [5, 4, 2, 9, 1, 0, 11, 10, 8, 3, 7, 6], [6, 7, 8, 9, 10, 11, 0, 1, 2, 3, 4, 5]]
   gid=283 |G|=16 orbits=[8, 4] TI=['8T9', '4T3'] Phi=[0, 1, 2, 5, 9, 10] dimMT=5 d=2 LU=[[1, -1, 0, -2, 1, -1], [0, 0, 1, -1, 1, -1]] rankW=0 LW=[] index=None adm=[]
     gens=[[0, 1, 3, 2, 5, 4, 6, 7, 9, 8, 11, 10], [1, 0, 8, 9, 5, 4, 7, 6, 2, 3, 11, 10], [5, 4, 2, 9, 1, 0, 11, 10, 8, 3, 7, 6], [6, 7, 8, 9, 10, 11, 0, 1, 2, 3, 4, 5]]
   gid=286 |G|=16 orbits=[8, 4] TI=['8T10', '4T3'] Phi=[0, 1, 2, 4, 9, 11] dimMT=5 d=2 LU=[[1, -1, 0, -2, -1, 1], [0, 0, 1, -1, -1, 1]] rankW=0 LW=[] index=None adm=[]
     gens=[[4, 5, 9, 2, 1, 0, 10, 11, 3, 8, 7, 6], [0, 1, 3, 2, 10, 11, 6, 7, 9, 8, 4, 5], [6, 7, 8, 9, 10, 11, 0, 1, 2, 3, 4, 5]]
   gid=286 |G|=16 orbits=[8, 4] TI=['8T10', '4T3'] Phi=[0, 1, 2, 5, 9, 10] dimMT=5 d=2 LU=[[1, -1, 0, 2, -1, 1], [0, 0, 1, -1, 1, -1]] rankW=0 LW=[] index=None adm=[]
     gens=[[4, 5, 9, 2, 1, 0, 10, 11, 3, 8, 7, 6], [0, 1, 3, 2, 10, 11, 6, 7, 9, 8, 4, 5], [6, 7, 8, 9, 10, 11, 0, 1, 2, 3, 4, 5]]
   gid=288 |G|=16 orbits=[8, 2, 2] TI=['8T2', '2T1', '2T1'] Phi=[0, 1, 2, 3, 4, 11] dimMT=6 d=1 LU=[[1, 1, 0, -2, 1, 1]] rankW=0 LW=[] index=None adm=[]
     gens=[[4, 5, 2, 3, 1, 0, 10, 11, 8, 9, 7, 6], [0, 1, 8, 3, 4, 5, 6, 7, 2, 9, 10, 11], [6, 7, 2, 9, 10, 11, 0, 1, 8, 3, 4, 5]]
   gid=288 |G|=16 orbits=[8, 2, 2] TI=['8T2', '2T1', '2T1'] Phi=[0, 1, 2, 4, 9, 11] dimMT=6 d=1 LU=[[1, 1, 0, 2, 1, 1]] rankW=0 LW=[] index=None adm=[]
     gens=[[4, 5, 2, 3, 1, 0, 10, 11, 8, 9, 7, 6], [0, 1, 8, 3, 4, 5, 6, 7, 2, 9, 10, 11], [6, 7, 2, 9, 10, 11, 0, 1, 8, 3, 4, 5]]
   gid=289 |G|=16 orbits=[8, 2, 2] TI=['8T9', '2T1', '2T1'] Phi=[0, 1, 2, 3, 4, 11] dimMT=6 d=1 LU=[[1, 1, -2, 0, 1, 1]] rankW=0 LW=[] index=None adm=[]
     gens=[[0, 1, 2, 9, 5, 4, 6, 7, 8, 3, 11, 10], [1, 0, 2, 3, 5, 4, 7, 6, 8, 9, 11, 10], [5, 4, 2, 9, 1, 0, 11, 10, 8, 3, 7, 6], [6, 7, 8, 9, 10, 11, 0, 1, 2, 3, 4, 5]]
   gid=289 |G|=16 orbits=[8, 2, 2] TI=['8T9', '2T1', '2T1'] Phi=[0, 1, 3, 4, 8, 11] dimMT=6 d=1 LU=[[1, 1, 2, 0, 1, 1]] rankW=0 LW=[] index=None adm=[]
     gens=[[0, 1, 2, 9, 5, 4, 6, 7, 8, 3, 11, 10], [1, 0, 2, 3, 5, 4, 7, 6, 8, 9, 11, 10], [5, 4, 2, 9, 1, 0, 11, 10, 8, 3, 7, 6], [6, 7, 8, 9, 10, 11, 0, 1, 2, 3, 4, 5]]
   gid=290 |G|=16 orbits=[8, 2, 2] TI=['8T9', '2T1', '2T1'] Phi=[0, 1, 2, 3, 4, 11] dimMT=6 d=1 LU=[[1, 1, -2, 0, 1, 1]] rankW=0 LW=[] index=None adm=[]
     gens=[[0, 1, 2, 9, 5, 4, 6, 7, 8, 3, 11, 10], [1, 0, 2, 3, 5, 4, 7, 6, 8, 9, 11, 10], [5, 4, 2, 3, 1, 0, 11, 10, 8, 9, 7, 6], [6, 7, 8, 9, 10, 11, 0, 1, 2, 3, 4, 5]]
   gid=290 |G|=16 orbits=[8, 2, 2] TI=['8T9', '2T1', '2T1'] Phi=[0, 1, 3, 4, 8, 11] dimMT=6 d=1 LU=[[1, 1, 2, 0, 1, 1]] rankW=0 LW=[] index=None adm=[]
     gens=[[0, 1, 2, 9, 5, 4, 6, 7, 8, 3, 11, 10], [1, 0, 2, 3, 5, 4, 7, 6, 8, 9, 11, 10], [5, 4, 2, 3, 1, 0, 11, 10, 8, 9, 7, 6], [6, 7, 8, 9, 10, 11, 0, 1, 2, 3, 4, 5]]
   gid=291 |G|=16 orbits=[8, 4] TI=['8T9', '4T3'] Phi=[0, 1, 2, 3, 5, 10] dimMT=5 d=2 LU=[[1, 0, -1, -1, 0, 1], [0, 1, -1, 1, 1, 0]] rankW=0 LW=[] index=None adm=[]
     gens=[[0, 7, 3, 2, 10, 5, 6, 1, 9, 8, 4, 11], [1, 0, 2, 9, 5, 4, 7, 6, 8, 3, 11, 10], [5, 4, 2, 3, 1, 0, 11, 10, 8, 9, 7, 6], [6, 7, 8, 9, 10, 11, 0, 1, 2, 3, 4, 5]]
   gid=291 |G|=16 orbits=[8, 4] TI=['8T9', '4T3'] Phi=[0, 1, 3, 4, 8, 11] dimMT=5 d=2 LU=[[1, 0, 1, 1, 0, 1], [0, 1, 1, -1, 1, 0]] rankW=0 LW=[] index=None adm=[]
     gens=[[0, 7, 3, 2, 10, 5, 6, 1, 9, 8, 4, 11], [1, 0, 2, 9, 5, 4, 7, 6, 8, 3, 11, 10], [5, 4, 2, 3, 1, 0, 11, 10, 8, 9, 7, 6], [6, 7, 8, 9, 10, 11, 0, 1, 2, 3, 4, 5]]
   gid=293 |G|=16 orbits=[4, 8] TI=['4T3', '8T10'] Phi=[0, 1, 2, 4, 5, 9] dimMT=5 d=2 LU=[[1, 1, -1, 1, 0, 0], [0, 2, -1, 1, -1, 1]] rankW=0 LW=[] index=None adm=[]
     gens=[[0, 7, 10, 11, 3, 2, 6, 1, 4, 5, 9, 8], [1, 0, 2, 3, 5, 4, 7, 6, 8, 9, 11, 10], [6, 7, 8, 9, 10, 11, 0, 1, 2, 3, 4, 5]]
   gid=293 |G|=16 orbits=[4, 8] TI=['4T3', '8T10'] Phi=[0, 1, 3, 4, 5, 8] dimMT=5 d=2 LU=[[1, 1, 1, -1, 0, 0], [0, 2, 1, -1, 1, -1]] rankW=0 LW=[] index=None adm=[]
     gens=[[0, 7, 10, 11, 3, 2, 6, 1, 4, 5, 9, 8], [1, 0, 2, 3, 5, 4, 7, 6, 8, 9, 11, 10], [6, 7, 8, 9, 10, 11, 0, 1, 2, 3, 4, 5]]
   gid=297 |G|=20 orbits=[10, 2] TI=['10T3', '2T1'] Phi=[0, 1, 2, 3, 4, 11] dimMT=6 d=1 LU=[[1, 1, 1, 1, -3, 1]] rankW=0 LW=[] index=None adm=[]
     gens=[[2, 5, 3, 1, 4, 0, 8, 11, 9, 7, 10, 6], [0, 3, 5, 1, 4, 2, 6, 9, 11, 7, 10, 8], [6, 7, 8, 9, 10, 11, 0, 1, 2, 3, 4, 5]]
   gid=297 |G|=20 orbits=[10, 2] TI=['10T3', '2T1'] Phi=[0, 1, 2, 3, 10, 11] dimMT=6 d=1 LU=[[1, 1, 1, 1, 3, 1]] rankW=0 LW=[] index=None adm=[]
     gens=[[2, 5, 3, 1, 4, 0, 8, 11, 9, 7, 10, 6], [0, 3, 5, 1, 4, 2, 6, 9, 11, 7, 10, 8], [6, 7, 8, 9, 10, 11, 0, 1, 2, 3, 4, 5]]
   gid=797 |G|=32 orbits=[8, 2, 2] TI=['8T9', '2T1', '2T1'] Phi=[0, 1, 2, 3, 4, 11] dimMT=6 d=1 LU=[[1, 1, 0, -2, 1, 1]] rankW=0 LW=[] index=None adm=[]
     gens=[[0, 1, 2, 3, 5, 4, 6, 7, 8, 9, 11, 10], [0, 1, 8, 3, 4, 5, 6, 7, 2, 9, 10, 11], [1, 0, 2, 3, 5, 4, 7, 6, 8, 9, 11, 10], [5, 4, 2, 3, 1, 0, 11, 10, 8, 9, 7, 6], [6, 7, 2, 9, 10, 11, 0, 1, 8, 3, 4, 5]]
   gid=797 |G|=32 orbits=[8, 2, 2] TI=['8T9', '2T1', '2T1'] Phi=[0, 1, 2, 4, 9, 11] dimMT=6 d=1 LU=[[1, 1, 0, 2, 1, 1]] rankW=0 LW=[] index=None adm=[]
     gens=[[0, 1, 2, 3, 5, 4, 6, 7, 8, 9, 11, 10], [0, 1, 8, 3, 4, 5, 6, 7, 2, 9, 10, 11], [1, 0, 2, 3, 5, 4, 7, 6, 8, 9, 11, 10], [5, 4, 2, 3, 1, 0, 11, 10, 8, 9, 7, 6], [6, 7, 2, 9, 10, 11, 0, 1, 8, 3, 4, 5]]
   gid=798 |G|=32 orbits=[8, 4] TI=['8T18', '4T3'] Phi=[0, 1, 2, 3, 4, 11] dimMT=5 d=2 LU=[[1, 1, 0, -2, -1, -1], [0, 0, 1, -1, -1, -1]] rankW=0 LW=[] index=None adm=[]
     gens=[[0, 1, 2, 3, 5, 4, 6, 7, 8, 9, 11, 10], [0, 1, 3, 2, 10, 11, 6, 7, 9, 8, 4, 5], [1, 0, 2, 3, 5, 4, 7, 6, 8, 9, 11, 10], [5, 4, 2, 9, 1, 0, 11, 10, 8, 3, 7, 6], [6, 7, 8, 9, 10, 11, 0, 1, 2, 3, 4, 5]]
   gid=798 |G|=32 orbits=[8, 4] TI=['8T18', '4T3'] Phi=[0, 1, 4, 8, 9, 11] dimMT=5 d=2 LU=[[1, 1, 0, 2, -1, -1], [0, 0, 1, -1, 1, 1]] rankW=0 LW=[] index=None adm=[]
     gens=[[0, 1, 2, 3, 5, 4, 6, 7, 8, 9, 11, 10], [0, 1, 3, 2, 10, 11, 6, 7, 9, 8, 4, 5], [1, 0, 2, 3, 5, 4, 7, 6, 8, 9, 11, 10], [5, 4, 2, 9, 1, 0, 11, 10, 8, 3, 7, 6], [6, 7, 8, 9, 10, 11, 0, 1, 2, 3, 4, 5]]
   gid=812 |G|=40 orbits=[10, 2] TI=['10T5', '2T1'] Phi=[0, 1, 2, 3, 4, 11] dimMT=6 d=1 LU=[[1, 1, 1, 1, -3, 1]] rankW=0 LW=[] index=None adm=[]
     gens=[[2, 5, 3, 1, 4, 0, 8, 11, 9, 7, 10, 6], [0, 5, 1, 2, 4, 3, 6, 11, 7, 8, 10, 9], [6, 7, 8, 9, 10, 11, 0, 1, 2, 3, 4, 5]]
   gid=812 |G|=40 orbits=[10, 2] TI=['10T5', '2T1'] Phi=[0, 1, 2, 3, 10, 11] dimMT=6 d=1 LU=[[1, 1, 1, 1, 3, 1]] rankW=0 LW=[] index=None adm=[]
     gens=[[2, 5, 3, 1, 4, 0, 8, 11, 9, 7, 10, 6], [0, 5, 1, 2, 4, 3, 6, 11, 7, 8, 10, 9], [6, 7, 8, 9, 10, 11, 0, 1, 2, 3, 4, 5]]
   gid=852 |G|=48 orbits=[8, 2, 2] TI=['8T13', '2T1', '2T1'] Phi=[0, 1, 2, 3, 4, 11] dimMT=6 d=1 LU=[[1, 1, 0, -2, 1, 1]] rankW=0 LW=[] index=None adm=[]
     gens=[[1, 4, 2, 3, 0, 5, 7, 10, 8, 9, 6, 11], [5, 1, 2, 3, 0, 4, 11, 7, 8, 9, 6, 10], [0, 1, 8, 3, 4, 5, 6, 7, 2, 9, 10, 11], [6, 7, 2, 9, 10, 11, 0, 1, 8, 3, 4, 5]]
   gid=852 |G|=48 orbits=[8, 2, 2] TI=['8T13', '2T1', '2T1'] Phi=[0, 1, 2, 4, 9, 11] dimMT=6 d=1 LU=[[1, 1, 0, 2, 1, 1]] rankW=0 LW=[] index=None adm=[]
     gens=[[1, 4, 2, 3, 0, 5, 7, 10, 8, 9, 6, 11], [5, 1, 2, 3, 0, 4, 11, 7, 8, 9, 6, 10], [0, 1, 8, 3, 4, 5, 6, 7, 2, 9, 10, 11], [6, 7, 2, 9, 10, 11, 0, 1, 8, 3, 4, 5]]
   gid=861 |G|=48 orbits=[8, 2, 2] TI=['8T24', '2T1', '2T1'] Phi=[0, 1, 2, 3, 4, 11] dimMT=6 d=1 LU=[[1, 1, -2, 0, 1, 1]] rankW=0 LW=[] index=None adm=[]
     gens=[[0, 1, 2, 9, 5, 4, 6, 7, 8, 3, 11, 10], [0, 4, 2, 9, 1, 5, 6, 10, 8, 3, 7, 11], [5, 1, 2, 9, 4, 0, 11, 7, 8, 3, 10, 6], [6, 7, 8, 9, 10, 11, 0, 1, 2, 3, 4, 5]]
   gid=861 |G|=48 orbits=[8, 2, 2] TI=['8T24', '2T1', '2T1'] Phi=[0, 1, 3, 4, 8, 11] dimMT=6 d=1 LU=[[1, 1, 2, 0, 1, 1]] rankW=0 LW=[] index=None adm=[]
     gens=[[0, 1, 2, 9, 5, 4, 6, 7, 8, 3, 11, 10], [0, 4, 2, 9, 1, 5, 6, 10, 8, 3, 7, 11], [5, 1, 2, 9, 4, 0, 11, 7, 8, 3, 10, 6], [6, 7, 8, 9, 10, 11, 0, 1, 2, 3, 4, 5]]
   gid=1551 |G|=96 orbits=[8, 2, 2] TI=['8T24', '2T1', '2T1'] Phi=[0, 1, 2, 3, 4, 11] dimMT=6 d=1 LU=[[1, 1, 0, -2, 1, 1]] rankW=0 LW=[] index=None adm=[]
     gens=[[0, 1, 2, 3, 5, 4, 6, 7, 8, 9, 11, 10], [0, 1, 8, 3, 4, 5, 6, 7, 2, 9, 10, 11], [0, 4, 2, 3, 1, 5, 6, 10, 8, 9, 7, 11], [5, 1, 2, 3, 4, 0, 11, 7, 8, 9, 10, 6], [6, 7, 2, 9, 10, 11, 0, 1, 8, 3, 4, 5]]
   gid=1551 |G|=96 orbits=[8, 2, 2] TI=['8T24', '2T1', '2T1'] Phi=[0, 1, 2, 4, 9, 11] dimMT=6 d=1 LU=[[1, 1, 0, 2, 1, 1]] rankW=0 LW=[] index=None adm=[]
     gens=[[0, 1, 2, 3, 5, 4, 6, 7, 8, 9, 11, 10], [0, 1, 8, 3, 4, 5, 6, 7, 2, 9, 10, 11], [0, 4, 2, 3, 1, 5, 6, 10, 8, 9, 7, 11], [5, 1, 2, 3, 4, 0, 11, 7, 8, 9, 10, 6], [6, 7, 2, 9, 10, 11, 0, 1, 8, 3, 4, 5]]
   gid=1564 |G|=120 orbits=[10, 2] TI=['10T11', '2T1'] Phi=[0, 1, 2, 3, 5, 10] dimMT=6 d=1 LU=[[1, 1, 1, 1, 1, -3]] rankW=0 LW=[] index=None adm=[]
     gens=[[3, 0, 1, 4, 2, 5, 9, 6, 7, 10, 8, 11], [4, 3, 1, 0, 2, 5, 10, 9, 7, 6, 8, 11], [6, 7, 8, 9, 10, 11, 0, 1, 2, 3, 4, 5]]
   gid=1564 |G|=120 orbits=[10, 2] TI=['10T11', '2T1'] Phi=[0, 1, 2, 3, 10, 11] dimMT=6 d=1 LU=[[1, 1, 1, 1, 1, 3]] rankW=0 LW=[] index=None adm=[]
     gens=[[3, 0, 1, 4, 2, 5, 9, 6, 7, 10, 8, 11], [4, 3, 1, 0, 2, 5, 10, 9, 7, 6, 8, 11], [6, 7, 8, 9, 10, 11, 0, 1, 2, 3, 4, 5]]
   gid=2059 |G|=240 orbits=[10, 2] TI=['10T22', '2T1'] Phi=[0, 1, 2, 3, 5, 10] dimMT=6 d=1 LU=[[1, 1, 1, 1, 1, -3]] rankW=0 LW=[] index=None adm=[]
     gens=[[0, 2, 3, 4, 1, 5, 6, 8, 9, 10, 7, 11], [10, 8, 7, 6, 9, 11, 4, 2, 1, 0, 3, 5]]
   gid=2059 |G|=240 orbits=[10, 2] TI=['10T22', '2T1'] Phi=[0, 1, 2, 3, 10, 11] dimMT=6 d=1 LU=[[1, 1, 1, 1, 1, 3]] rankW=0 LW=[] index=None adm=[]
     gens=[[0, 2, 3, 4, 1, 5, 6, 8, 9, 10, 7, 11], [10, 8, 7, 6, 9, 11, 4, 2, 1, 0, 3, 5]]
  Reduced (G,Phi) with d>=1:
   gid   |G|    orbit sizes    orbit TI                 Phi                          d   pass  Ncls   admissible (K,J,B,|B|)
   49    8      [8, 4]         8T2,4T1                  [0, 1, 2, 3, 4, 11]          2   False 1      []
   49    8      [8, 4]         8T2,4T1                  [0, 1, 2, 3, 5, 10]          2   False 1      []
   49    8      [8, 4]         8T2,4T1                  [0, 1, 2, 4, 9, 11]          2   False 1      []
   49    8      [8, 4]         8T2,4T1                  [0, 1, 2, 5, 9, 10]          2   False 1      []
   51    8      [8, 2, 2]      8T3,2T1,2T1              [0, 1, 2, 3, 4, 11]          2   False 1      []
   51    8      [8, 2, 2]      8T3,2T1,2T1              [0, 1, 2, 3, 5, 10]          2   False 1      []
   51    8      [8, 2, 2]      8T3,2T1,2T1              [0, 1, 3, 4, 8, 11]          2   False 1      []
   51    8      [8, 2, 2]      8T3,2T1,2T1              [0, 1, 3, 5, 8, 10]          2   False 1      []
   52    8      [8, 2, 2]      8T2,2T1,2T1              [0, 1, 2, 3, 4, 11]          2   False 1      []
   52    8      [8, 2, 2]      8T2,2T1,2T1              [0, 1, 2, 4, 9, 11]          2   False 1      []
   52    8      [8, 2, 2]      8T2,2T1,2T1              [0, 1, 3, 4, 8, 11]          2   False 1      []
   52    8      [8, 2, 2]      8T2,2T1,2T1              [0, 1, 4, 8, 9, 11]          2   False 1      []
   59    8      [8, 4]         8T2,4T1                  [0, 1, 2, 3, 4, 11]          2   False 1      []
   59    8      [8, 4]         8T2,4T1                  [0, 1, 2, 4, 9, 11]          2   False 1      []
   59    8      [8, 4]         8T2,4T1                  [0, 1, 3, 4, 8, 11]          2   False 1      []
   59    8      [8, 4]         8T2,4T1                  [0, 1, 4, 8, 9, 11]          2   False 1      []
   64    8      [4, 4, 4]      4T3,4T3,4T3              [0, 1, 2, 3, 4, 11]          2   False 1      []
   64    8      [4, 4, 4]      4T3,4T3,4T3              [0, 1, 2, 3, 5, 10]          2   False 1      []
   64    8      [4, 4, 4]      4T3,4T3,4T3              [0, 1, 3, 4, 8, 11]          2   False 1      []
   64    8      [4, 4, 4]      4T3,4T3,4T3              [0, 1, 3, 5, 8, 10]          2   False 1      []
   68    10     [10, 2]        10T1,2T1                 [0, 1, 2, 3, 4, 11]          1   False 1      []
   68    10     [10, 2]        10T1,2T1                 [0, 1, 2, 3, 10, 11]         1   False 1      []
   68    10     [10, 2]        10T1,2T1                 [0, 1, 2, 4, 9, 11]          1   True  2      [(0, [0, 1], [0, 1, 2, 3, 5, 10], 6)]
   68    10     [10, 2]        10T1,2T1                 [0, 1, 2, 9, 10, 11]         1   True  2      [(0, [0, 1], [0, 1, 2, 3, 4, 5], 6)]
   68    10     [10, 2]        10T1,2T1                 [0, 1, 4, 5, 8, 9]           1   True  2      [(0, [0, 1], [0, 1, 2, 3, 5, 10], 6)]
   68    10     [10, 2]        10T1,2T1                 [0, 1, 5, 8, 9, 10]          1   True  2      [(0, [0, 1], [0, 1, 2, 3, 4, 5], 6)]
   84    12     [12]           12T2                     [0, 1, 2, 3, 10, 11]         1   True  2      [(0, [0], [0, 3, 5, 7, 8, 10], 6)]
   84    12     [12]           12T2                     [0, 1, 3, 8, 10, 11]         1   True  2      [(1, [0], [0, 1, 2, 3, 4, 5], 6)]
   86    12     [6, 6]         6T3,6T3                  [0, 1, 2, 3, 10, 11]         1   True  2      [(0, [0, 1], [0, 3, 5, 7, 8, 10], 6)]
   86    12     [6, 6]         6T3,6T3                  [0, 1, 2, 9, 10, 11]         1   True  2      [(0, [0, 1], [0, 1, 2, 3, 4, 5], 6)]
   238   16     [8, 2, 2]      8T3,2T1,2T1              [0, 1, 2, 3, 4, 11]          1   False 1      []
   238   16     [8, 2, 2]      8T3,2T1,2T1              [0, 1, 2, 4, 9, 11]          1   False 1      []
   270   16     [8, 2, 2]      8T9,2T1,2T1              [0, 1, 2, 3, 4, 11]          2   False 1      []
   270   16     [8, 2, 2]      8T9,2T1,2T1              [0, 1, 2, 4, 9, 11]          2   False 1      []
   270   16     [8, 2, 2]      8T9,2T1,2T1              [0, 1, 3, 4, 8, 11]          2   False 1      []
   270   16     [8, 2, 2]      8T9,2T1,2T1              [0, 1, 4, 8, 9, 11]          2   False 1      []
   274   16     [8, 4]         8T10,4T1                 [0, 1, 2, 3, 4, 11]          2   False 1      []
   274   16     [8, 4]         8T10,4T1                 [0, 1, 2, 4, 9, 11]          2   False 1      []
   274   16     [8, 4]         8T10,4T1                 [0, 1, 3, 4, 8, 11]          2   False 1      []
   274   16     [8, 4]         8T10,4T1                 [0, 1, 4, 8, 9, 11]          2   False 1      []
   283   16     [8, 4]         8T9,4T3                  [0, 1, 2, 4, 9, 11]          2   False 2      []
   283   16     [8, 4]         8T9,4T3                  [0, 1, 2, 5, 9, 10]          2   False 2      []
   286   16     [8, 4]         8T10,4T3                 [0, 1, 2, 4, 9, 11]          2   False 2      []
   286   16     [8, 4]         8T10,4T3                 [0, 1, 2, 5, 9, 10]          2   False 2      []
   288   16     [8, 2, 2]      8T2,2T1,2T1              [0, 1, 2, 3, 4, 11]          1   False 1      []
   288   16     [8, 2, 2]      8T2,2T1,2T1              [0, 1, 2, 4, 9, 11]          1   False 1      []
   289   16     [8, 2, 2]      8T9,2T1,2T1              [0, 1, 2, 3, 4, 11]          1   False 1      []
   289   16     [8, 2, 2]      8T9,2T1,2T1              [0, 1, 3, 4, 8, 11]          1   False 1      []
   290   16     [8, 2, 2]      8T9,2T1,2T1              [0, 1, 2, 3, 4, 11]          1   False 1      []
   290   16     [8, 2, 2]      8T9,2T1,2T1              [0, 1, 3, 4, 8, 11]          1   False 1      []
   291   16     [8, 4]         8T9,4T3                  [0, 1, 2, 3, 5, 10]          2   False 2      []
   291   16     [8, 4]         8T9,4T3                  [0, 1, 3, 4, 8, 11]          2   False 2      []
   293   16     [4, 8]         4T3,8T10                 [0, 1, 2, 4, 5, 9]           2   False 2      []
   293   16     [4, 8]         4T3,8T10                 [0, 1, 3, 4, 5, 8]           2   False 2      []
   295   18     [6, 6]         6T1,6T1                  [0, 1, 2, 3, 10, 11]         1   True  2      [(0, [0, 1], [0, 3, 5, 7, 8, 10], 6)]
   295   18     [6, 6]         6T1,6T1                  [0, 1, 2, 9, 10, 11]         1   True  2      [(0, [0, 1], [0, 1, 2, 3, 4, 5], 6)]
   297   20     [10, 2]        10T3,2T1                 [0, 1, 2, 3, 4, 11]          1   False 1      []
   297   20     [10, 2]        10T3,2T1                 [0, 1, 2, 3, 10, 11]         1   False 1      []
   297   20     [10, 2]        10T3,2T1                 [0, 1, 2, 4, 9, 11]          1   True  2      [(0, [0, 1], [0, 1, 2, 3, 5, 10], 6)]
   297   20     [10, 2]        10T3,2T1                 [0, 1, 2, 9, 10, 11]         1   True  2      [(0, [0, 1], [0, 1, 2, 3, 4, 5], 6)]
   297   20     [10, 2]        10T3,2T1                 [0, 1, 4, 5, 8, 9]           1   True  2      [(0, [0, 1], [0, 1, 2, 3, 5, 10], 6)]
   297   20     [10, 2]        10T3,2T1                 [0, 1, 5, 8, 9, 10]          1   True  2      [(0, [0, 1], [0, 1, 2, 3, 4, 5], 6)]
   306   24     [2, 6, 4]      2T1,6T1,4T1              [0, 1, 2, 3, 5, 10]          1   True  1      [(0, [0, 1], [0, 7, 8, 10], 4)]
   306   24     [2, 6, 4]      2T1,6T1,4T1              [0, 1, 3, 5, 8, 10]          1   True  1      [(0, [0, 1], [0, 1, 2, 4], 4)]
   310   24     [4, 6, 2]      4T1,6T3,2T1              [0, 1, 2, 3, 5, 10]          1   True  1      [(0, [1, 2], [1, 2, 4, 11], 4)]
   310   24     [4, 6, 2]      4T1,6T3,2T1              [0, 1, 2, 3, 10, 11]         1   True  1      [(0, [1, 2], [1, 2, 4, 5], 4)]
   315   24     [2, 6, 2, 2]   2T1,6T3,2T1,2T1          [0, 1, 2, 3, 5, 10]          1   True  1      [(1, [1, 2], [1, 2, 4, 9], 4)]
   315   24     [2, 6, 2, 2]   2T1,6T3,2T1,2T1          [0, 1, 2, 5, 9, 10]          1   True  1      [(1, [1, 2], [1, 2, 3, 4], 4)]
   321   24     [2, 6, 2, 2]   2T1,6T1,2T1,2T1          [0, 1, 2, 3, 5, 10]          1   True  1      [(1, [1, 3], [1, 2, 4, 11], 4)]
   321   24     [2, 6, 2, 2]   2T1,6T1,2T1,2T1          [0, 1, 2, 3, 10, 11]         1   True  1      [(1, [1, 3], [1, 2, 4, 5], 4)]
   331   24     [12]           12T7                     [0, 1, 2, 9, 10, 11]         1   True  4      [(0, [0], [0, 1, 2, 3, 4, 5], 6)]
   337   24     [2, 6, 2, 2]   2T1,6T3,2T1,2T1          [0, 1, 2, 3, 5, 10]          1   True  1      [(1, [1, 2], [1, 2, 4, 9], 4)]
   337   24     [2, 6, 2, 2]   2T1,6T3,2T1,2T1          [0, 1, 2, 5, 9, 10]          1   True  1      [(1, [1, 2], [1, 2, 3, 4], 4)]
   340   24     [12]           12T10                    [0, 1, 2, 3, 10, 11]         1   True  2      [(0, [0], [0, 3, 5, 7, 8, 10], 6)]
   340   24     [12]           12T10                    [0, 1, 2, 9, 10, 11]         1   True  2      [(1, [0], [0, 1, 2, 3, 4, 5], 6)]
   797   32     [8, 2, 2]      8T9,2T1,2T1              [0, 1, 2, 3, 4, 11]          1   False 1      []
   797   32     [8, 2, 2]      8T9,2T1,2T1              [0, 1, 2, 4, 9, 11]          1   False 1      []
   798   32     [8, 4]         8T18,4T3                 [0, 1, 2, 3, 4, 11]          2   False 1      []
   798   32     [8, 4]         8T18,4T3                 [0, 1, 4, 8, 9, 11]          2   False 1      []
   804   36     [6, 6]         6T3,6T3                  [0, 1, 2, 3, 10, 11]         1   True  2      [(0, [0, 1], [0, 3, 5, 7, 8, 10], 6)]
   804   36     [6, 6]         6T3,6T3                  [0, 1, 2, 9, 10, 11]         1   True  2      [(0, [0, 1], [0, 1, 2, 3, 4, 5], 6)]
   807   36     [12]           12T18                    [0, 1, 2, 3, 10, 11]         1   True  2      [(0, [0], [0, 3, 5, 7, 8, 10], 6)]
   807   36     [12]           12T18                    [0, 1, 2, 9, 10, 11]         1   True  2      [(1, [0], [0, 1, 2, 3, 4, 5], 6)]
   809   36     [6, 6]         6T1,6T3                  [0, 1, 2, 3, 10, 11]         1   True  3      [(0, [0, 1], [0, 3, 5, 7, 8, 10], 6)]
   809   36     [6, 6]         6T1,6T3                  [0, 1, 2, 9, 10, 11]         1   True  3      [(0, [0, 1], [0, 1, 2, 3, 4, 5], 6)]
   812   40     [10, 2]        10T5,2T1                 [0, 1, 2, 3, 4, 11]          1   False 1      []
   812   40     [10, 2]        10T5,2T1                 [0, 1, 2, 3, 10, 11]         1   False 1      []
   812   40     [10, 2]        10T5,2T1                 [0, 1, 2, 4, 9, 11]          1   True  2      [(0, [0, 1], [0, 1, 2, 3, 5, 10], 6)]
   812   40     [10, 2]        10T5,2T1                 [0, 1, 2, 9, 10, 11]         1   True  2      [(0, [0, 1], [0, 1, 2, 3, 4, 5], 6)]
   833   48     [4, 6, 2]      4T1,6T3,2T1              [0, 1, 2, 3, 5, 10]          1   True  1      [(0, [1, 2], [1, 2, 4, 11], 4)]
   833   48     [4, 6, 2]      4T1,6T3,2T1              [0, 1, 2, 3, 10, 11]         1   True  1      [(0, [1, 2], [1, 2, 4, 5], 4)]
   835   48     [4, 6, 2]      4T3,6T3,2T1              [0, 1, 2, 3, 5, 10]          1   True  1      [(0, [1, 2], [1, 2, 4, 11], 4)]
   835   48     [4, 6, 2]      4T3,6T3,2T1              [0, 1, 2, 3, 10, 11]         1   True  1      [(0, [1, 2], [1, 2, 4, 5], 4)]
   843   48     [2, 6, 4]      2T1,6T1,4T3              [0, 1, 2, 3, 5, 10]          1   True  1      [(0, [0, 1], [0, 7, 8, 10], 4)]
   843   48     [2, 6, 4]      2T1,6T1,4T3              [0, 1, 3, 5, 8, 10]          1   True  1      [(0, [0, 1], [0, 1, 2, 4], 4)]
   845   48     [4, 6, 2]      4T3,6T3,2T1              [0, 1, 2, 3, 5, 10]          1   True  1      [(0, [1, 2], [1, 2, 4, 11], 4)]
   845   48     [4, 6, 2]      4T3,6T3,2T1              [0, 1, 2, 3, 10, 11]         1   True  1      [(0, [1, 2], [1, 2, 4, 5], 4)]
   852   48     [8, 2, 2]      8T13,2T1,2T1             [0, 1, 2, 3, 4, 11]          1   False 1      []
   852   48     [8, 2, 2]      8T13,2T1,2T1             [0, 1, 2, 3, 10, 11]         1   True  2      [(1, [0], [0, 1, 4, 5], 4)]
   852   48     [8, 2, 2]      8T13,2T1,2T1             [0, 1, 2, 4, 9, 11]          1   False 1      []
   861   48     [8, 2, 2]      8T24,2T1,2T1             [0, 1, 2, 3, 4, 11]          1   False 1      []
   861   48     [8, 2, 2]      8T24,2T1,2T1             [0, 1, 2, 3, 10, 11]         1   True  2      [(1, [0], [0, 1, 4, 5], 4)]
   861   48     [8, 2, 2]      8T24,2T1,2T1             [0, 1, 3, 4, 8, 11]          1   False 1      []
   866   48     [2, 6, 2, 2]   2T1,6T3,2T1,2T1          [0, 1, 2, 3, 5, 10]          1   True  1      [(1, [1, 3], [1, 2, 4, 11], 4)]
   866   48     [2, 6, 2, 2]   2T1,6T3,2T1,2T1          [0, 1, 2, 3, 10, 11]         1   True  1      [(1, [1, 3], [1, 2, 4, 5], 4)]
   874   48     [4, 6, 2]      4T3,6T3,2T1              [0, 1, 2, 3, 5, 10]          1   True  1      [(0, [1, 2], [1, 2, 4, 11], 4)]
   874   48     [4, 6, 2]      4T3,6T3,2T1              [0, 1, 2, 3, 10, 11]         1   True  1      [(0, [1, 2], [1, 2, 4, 5], 4)]
   875   48     [12]           12T25                    [0, 1, 2, 9, 10, 11]         1   True  4      [(0, [0], [0, 1, 2, 3, 4, 5], 6)]
   877   48     [12]           12T23                    [0, 1, 2, 9, 10, 11]         1   True  4      [(0, [0], [0, 1, 2, 3, 4, 5], 6)]
   879   48     [12]           12T24                    [0, 1, 2, 9, 10, 11]         1   True  4      [(0, [0], [0, 1, 2, 3, 4, 5], 6)]
   1474  72     [12]           12T37                    [0, 1, 2, 3, 10, 11]         1   True  2      [(0, [0], [0, 3, 5, 7, 8, 10], 6)]
   1474  72     [12]           12T37                    [0, 1, 2, 9, 10, 11]         1   True  2      [(1, [0], [0, 1, 2, 3, 4, 5], 6)]
   1475  72     [6, 6]         6T3,6T3                  [0, 1, 2, 3, 10, 11]         1   True  2      [(0, [0, 1], [0, 3, 5, 7, 8, 10], 6)]
   1475  72     [6, 6]         6T3,6T3                  [0, 1, 2, 9, 10, 11]         1   True  2      [(0, [0, 1], [0, 1, 2, 3, 4, 5], 6)]
   1478  72     [12]           12T40                    [0, 1, 2, 3, 10, 11]         1   True  2      [(0, [0], [0, 3, 5, 7, 8, 10], 6)]
   1478  72     [12]           12T40                    [0, 1, 2, 9, 10, 11]         1   True  2      [(1, [0], [0, 1, 2, 3, 4, 5], 6)]
   1519  96     [8, 2, 2]      8T13,2T1,2T1             [0, 1, 2, 3, 10, 11]         1   True  2      [(2, [0], [0, 1, 4, 5], 4)]
   1523  96     [8, 4]         8T24,4T1                 [0, 1, 2, 3, 10, 11]         1   True  2      [(0, [0], [0, 1, 4, 5], 4)]
   1530  96     [8, 4]         8T13,4T1                 [0, 1, 2, 3, 10, 11]         1   True  2      [(0, [0], [0, 1, 4, 5], 4)]
   1534  96     [8, 2, 2]      8T24,2T1,2T1             [0, 1, 2, 3, 10, 11]         1   True  2      [(2, [0], [0, 1, 4, 5], 4)]
   1540  96     [4, 6, 2]      4T3,6T3,2T1              [0, 1, 2, 3, 5, 10]          1   True  1      [(0, [1, 2], [1, 2, 4, 11], 4)]
   1540  96     [4, 6, 2]      4T3,6T3,2T1              [0, 1, 2, 3, 10, 11]         1   True  1      [(0, [1, 2], [1, 2, 4, 5], 4)]
   1551  96     [8, 2, 2]      8T24,2T1,2T1             [0, 1, 2, 3, 4, 11]          1   False 1      []
   1551  96     [8, 2, 2]      8T24,2T1,2T1             [0, 1, 2, 3, 10, 11]         1   True  2      [(1, [0], [0, 1, 4, 5], 4)]
   1551  96     [8, 2, 2]      8T24,2T1,2T1             [0, 1, 2, 4, 9, 11]          1   False 1      []
   1555  96     [8, 2, 2]      8T24,2T1,2T1             [0, 1, 2, 3, 10, 11]         1   True  2      [(2, [0], [0, 1, 4, 5], 4)]
   1561  96     [12]           12T48                    [0, 1, 2, 9, 10, 11]         1   True  4      [(0, [0], [0, 1, 2, 3, 4, 5], 6)]
   1564  120    [10, 2]        10T11,2T1                [0, 1, 2, 3, 5, 10]          1   False 1      []
   1564  120    [10, 2]        10T11,2T1                [0, 1, 2, 3, 10, 11]         1   False 1      []
   1564  120    [10, 2]        10T11,2T1                [0, 1, 2, 5, 9, 10]          1   True  2      [(0, [0, 1], [0, 1, 2, 3, 4, 11], 6)]
   1564  120    [10, 2]        10T11,2T1                [0, 1, 2, 9, 10, 11]         1   True  2      [(0, [0, 1], [0, 1, 2, 3, 4, 5], 6)]
   1566  120    [12]           12T75                    [0, 1, 2, 9, 10, 11]         1   True  3      [(0, [0], [0, 1, 2, 3, 4, 5], 6)]
   1970  144    [12]           12T77                    [0, 1, 2, 3, 10, 11]         1   True  2      [(0, [0], [0, 3, 5, 7, 8, 10], 6)]
   1970  144    [12]           12T77                    [0, 1, 2, 9, 10, 11]         1   True  2      [(1, [0], [0, 1, 2, 3, 4, 5], 6)]
   2035  192    [8, 4]         8T24,4T1                 [0, 1, 2, 3, 10, 11]         1   True  2      [(0, [0], [0, 1, 4, 5], 4)]
   2036  192    [8, 4]         8T24,4T3                 [0, 1, 2, 3, 10, 11]         1   True  2      [(0, [0], [0, 1, 4, 5], 4)]
   2038  192    [8, 4]         8T24,4T3                 [0, 1, 2, 3, 10, 11]         1   True  2      [(0, [0], [0, 1, 4, 5], 4)]
   2048  192    [8, 4]         8T24,4T3                 [0, 1, 2, 3, 10, 11]         1   True  2      [(0, [0], [0, 1, 4, 5], 4)]
   2050  192    [8, 2, 2]      8T24,2T1,2T1             [0, 1, 2, 3, 10, 11]         1   True  2      [(2, [0], [0, 1, 4, 5], 4)]
   2052  192    [8, 4]         8T13,4T3                 [0, 1, 2, 3, 10, 11]         1   True  2      [(0, [0], [0, 1, 4, 5], 4)]
   2059  240    [10, 2]        10T22,2T1                [0, 1, 2, 3, 5, 10]          1   False 1      []
   2059  240    [10, 2]        10T22,2T1                [0, 1, 2, 3, 10, 11]         1   False 1      []
   2059  240    [10, 2]        10T22,2T1                [0, 1, 2, 5, 9, 10]          1   True  2      [(0, [0, 1], [0, 1, 2, 3, 4, 11], 6)]
   2059  240    [10, 2]        10T22,2T1                [0, 1, 2, 9, 10, 11]         1   True  2      [(0, [0, 1], [0, 1, 2, 3, 4, 5], 6)]
   2060  240    [12]           12T123                   [0, 1, 2, 9, 10, 11]         1   True  3      [(0, [0], [0, 1, 2, 3, 4, 5], 6)]
   2302  384    [8, 4]         8T24,4T3                 [0, 1, 2, 3, 10, 11]         1   True  2      [(0, [0], [0, 1, 4, 5], 4)]
   2347  720    [12]           12T180                   [0, 1, 2, 9, 10, 11]         1   True  3      [(0, [0], [0, 1, 2, 3, 4, 5], 6)]
   2407  1440   [12]           12T219                   [0, 1, 2, 9, 10, 11]         1   True  3      [(0, [0], [0, 1, 2, 3, 4, 5], 6)]
  Reduced d>=1 by factor-dimension partition (dims of E_i / 2):
   (6,)             {'cases': 21, 'd=1': 21, 'pass': 21, 'Ncls': 0}  (N_W-classes: 15)
   (3, 3)           {'cases': 10, 'd=1': 10, 'pass': 10, 'Ncls': 0}  (N_W-classes: 5)
   (4, 2)           {'cases': 30, 'd=2': 22, 'FAIL': 22, 'Ncls': 0, 'd=1': 8, 'pass': 8}  (N_W-classes: 16)
   (5, 1)           {'cases': 24, 'd=1': 24, 'FAIL': 10, 'Ncls': 0, 'pass': 14}  (N_W-classes: 10)
   (2, 2, 2)        {'cases': 4, 'd=2': 4, 'FAIL': 4, 'Ncls': 0}  (N_W-classes: 1)
   (3, 2, 1)        {'cases': 16, 'd=1': 16, 'pass': 16, 'Ncls': 0}  (N_W-classes: 8)
   (4, 1, 1)        {'cases': 35, 'd=2': 12, 'FAIL': 28, 'Ncls': 0, 'd=1': 23, 'pass': 7}  (N_W-classes: 18)
   (3, 1, 1, 1)     {'cases': 8, 'd=1': 8, 'pass': 8, 'Ncls': 0}  (N_W-classes: 4)
