179859 50782 25391 -1
-558473 515295 11 -1
-108594 -853813 2011 -1
-217640 -34468 1231 1
-505408 411795 5 -1
-211107 861623 7 -1
589754 801707 2 -1
368859 -853784 137 -1
-648182 420330 3 1
-149765 -513921 107 1
-98325 -416276 2 -1
943909 -835162 417581 1
716077 905047 157 1
-839250 -394722 21929 -1
-108568 -852768 7 1
-332655 -639885 29 1
525532 572161 137 1
825874 -562791 2 1
380421 -712468 983 1
-297977 81524 0 1
-811323 640349 199 -1
974327 -287938 863 1
-75533 -789991 0 -1
940733 721080 940733 1
-506554 -939662 0 -1
-358570 412521 0 1
396341 -787273 263 1
-954388 405447 397 1
-884076 261110 0 1
-308132 836134 11 -1
-940847 -80399 32443 -1
803721 -235562 267907 -1
-597605 437098 2 -1
506709 -317010 5 1
88526 196330 29 -1
-156417 -310018 3067 -1
-454903 -341895 2 1
764332 -64375 19 1
-875178 -333916 2 1
676522 971730 5 -1
880710 -1664 2 -1
-117023 -352045 2 1
645642 -602904 25121 1
856024 -747739 8231 1
-383084 -853751 0 -1
-216446 392627 2 -1
934172 -257798 83 1
393407 -123259 1307 1
139193 -519581 1277 -1
990935 -514523 514523 1
16601 -848872 1277 -1
787413 -963005 107 1
148500 949729 5 1
-603645 -310347 5 -1
988884 -544467 2113 -1
-231045 249391 73 1
-152919 100685 13 -1
453454 -567657 19 1
-96281 373052 2 -1
-5373 -378582 0 -1
-263040 401414 15439 -1
-55708 -203254 733 -1
-494812 -292721 1201 -1
-55570 -411793 5557 -1
901938 -226070 0 1
806942 851941 73 -1
15631 -935099 7 1
-317696 -442641 0 -1
227224 441886 2 1
146020 381068 5 -1
-698883 -806637 2 1
80650 -720825 5 1
-940996 928334 2 -1
-679655 -783658 7393 -1
333094 142958 5743 1
-81015 983109 0 1
-193780 89737 5 -1
-790499 350374 2 -1
-308056 -297421 0 -1
-674768 393205 5 -1
950469 574166 37 -1
913092 -596295 2 1
18375 -766980 5 -1
-249061 697334 947 1
-8537 -808590 2 1
243713 -831411 19 -1
-843466 -40151 32441 -1
814241 -584853 3 -1
471884 -686689 0 1
596339 747823 109 1
396171 887902 2 1
-675979 57888 2 -1
103244 857133 131 1
869972 144709 11447 -1
66229 4017 103 1
-594363 44261 0 1
-122555 928214 2 -1
357337 854729 31 1
821761 -777161 0 1
263550 -656119 3 -1
174282 -736113 3 -1
959622 -622725 2 1
-945487 588481 0 1
-478039 -727438 478039 1
-27265 123160 7 1
641777 -562471 883 1
-740059 -754141 740059 -1
-44602 -750563 29 -1
680393 -674359 96337 1
126379 791150 5 1
475456 313583 0 1
540807 488146 41 -1
-687857 -989227 19 -1
992765 -479848 0 1
-369871 -670984 6269 1
651812 183300 5 1
-959563 178047 1051 1
956436 -152105 1049 -1
590545 527049 5 1
-694558 -439992 97 -1
876537 307864 29 -1
-205604 446070 3 1
510330 -852913 0 1
-352753 -107955 352753 -1
885354 -52263 5807 1
180581 759157 7 1
-428185 925345 0 1
67552 751683 3 1
911924 65763 0 1
72254 -41293 0 1
109240 436363 0 1
-442202 -984910 221101 -1
683191 -714743 2521 1
978506 991932 0 1
398749 -178433 1637 -1
-120381 -87771 40127 1
458728 -285403 17 -1
860724 41057 2 1
-400313 -963360 2 -1
924306 -146254 3 -1
-897578 321295 11 1
297941 -780310 1373 1
478871 423575 478871 -1
-140715 -479354 2 -1
245372 -261865 2 -1
-754291 269507 1321 -1
898946 -840863 840863 1
-312420 658217 19 1
-568868 -216696 0 -1
605671 670135 55061 1
917429 634791 3 -1
-919543 139278 139 1
308518 388421 2 -1
686888 -793800 19 1
-1097 989491 2 -1
894503 693466 101 1
861661 356354 223 1
746126 -167048 157 -1
683633 -565210 11587 -1
808983 877761 3 1
-238415 -501844 0 -1
-177195 -894058 11 1
-698274 682616 0 1
437928 -676959 3 1
-214983 -609652 0 -1
455990 233841 3389 1
-390904 822696 0 1
556409 -154616 11 -1
-486056 -198742 2 1
-180556 932345 45139 1
499773 547123 0 1
-806628 875366 997 1
-21262 526809 2 1
-730269 210734 0 1
930726 -180529 2 -1
3454 -449495 0 1
196626 410460 2 1
-937934 722706 2 1
-138335 943818 5 -1
-428567 -287214 47869 -1
-727124 799790 0 1
-961700 831565 163 -1
768217 -212458 19 1
750842 -201412 1171 -1
-383391 -742983 167 -1
379997 -657756 3 1
-7222 -739694 157 1
-778914 -734997 337 1
868912 761707 0 1
157728 7124 0 1
793752 277562 1013 1
929142 637550 41 1
178978 447223 821 1
862765 -240774 5 1
114528 -814206 135701 1
230293 -697487 197 1
98894 -765720 3 -1
182547 367419 0 1
660061 -971966 660061 -1
-801704 -42670 17 1
226975 318571 2 -1
291737 600203 0 1
-923798 871842 0 1
76353 306000 5 -1
-167492 656313 7 1
-359106 -373496 46687 -1
-484043 103077 69149 -1
344039 -719397 7 -1
-623827 -932667 3 -1
277181 861919 3797 -1
538257 -886892 3041 -1
433035 -644971 9623 -1
979491 130032 2 -1
-460403 921625 0 1
824419 441494 0 1
-9796 150097 31 -1
-595335 -618379 0 -1
-967050 -309243 7 -1
452931 -35892 17 -1
310973 -728449 13 -1
882607 649489 1861 1
-186007 497556 3 -1
-116695 928268 5 -1
965171 988618 0 1
421486 277473 3 1
-783778 374660 5 -1
-181801 9960 83 -1
330776 204276 173 1
-458612 124139 7 1
37217 -858100 2 1
255529 917697 0 1
-816455 104049 283 -1
641501 170212 0 1
-205708 34672 11 1
551612 -47821 2 -1
826329 231765 19 1
17731 -732630 2 -1
-113938 125380 2 1
-665175 -809720 31 -1
267392 177311 281 -1
68607 183963 7 -1
879056 -804387 3 -1
890822 -892287 0 1
-401935 -296149 7 -1
-721052 3734 180263 -1
-125998 -969255 5 -1
386031 -644330 5 1
-877604 -621166 7 1
370432 280829 2 1
475010 -718988 0 1
-239145 -591558 11 -1
-239516 -215249 215249 1
-295408 -216494 2 1
-635388 232634 4073 1
659704 724376 82463 -1
-625765 -618466 2837 -1
-709120 595192 13 1
-316797 -586956 2 1
-687227 397356 3 1
893336 140284 2 -1
574648 -777517 0 1
-957766 189445 5 1
-208126 751426 2 1
419628 83257 83257 1
326833 -655267 2 1
-633012 -989224 3 -1
463571 70534 929 -1
508702 -425784 347 1
984374 -807968 31 1
-211021 346980 17 -1
-385671 646375 3 1
742180 -593532 43 1
-296817 -437253 23 -1
549205 -802434 109841 -1
504546 464523 293 -1
-247853 745067 2 -1
-88541 -814940 7 1
565936 -901736 163 1
-14387 731864 14387 1
-117294 -868661 2 -1
462534 -992043 2 -1
-349829 557530 349829 -1
748895 -171765 21397 -1
888892 51482 25741 1
9353 44420 2 1
-575060 290841 3 1
-851340 -464946 2027 -1
-595979 939958 20551 -1
-344605 271671 2 -1
457438 -329862 0 1
-248887 300806 2 1
802274 -307526 0 1
265300 -557344 379 1
45588 -699680 4373 1
-106025 315205 2 1
-332650 992283 2 1
-452151 401633 0 1
-272067 773068 0 1
-6700 321802 67 1
145415 -380994 127 -1
291540 -458181 5 1
-475465 325524 95093 -1
103599 545802 0 1
-443320 -109144 1949 1
-672734 549068 2 -1
546625 211696 2 1
-25089 -647599 29 1
10717 353641 353641 -1
-941048 950144 79 1
219758 -893782 11 1
265424 -279201 0 1
747698 48222 47 -1
981986 -696630 2 -1
-243905 542621 28559 1
-219136 245828 151 1
-812658 190190 5 -1
991203 601233 2027 -1
-466302 -907536 31 1
120508 311723 0 1
338538 877797 3319 1
-76890 691033 11 -1
713972 -779454 43 -1
361837 -891192 2 -1
541234 390913 9091 1
441419 876735 2 -1
-788394 -358463 0 -1
-814726 -953725 1277 -1
789495 704385 2 1
203837 230126 53 1
-591111 -396481 3 -1
-365523 -432533 3 1
879650 516322 5 1
-241893 -794411 17 1
231709 -670150 13 1
312336 -317094 2 1
527611 801722 7 -1
207129 459955 13 -1
-828092 -111025 23 -1
-538587 -741627 83 1
807567 -888765 0 1
988483 720350 0 1
-698220 -724473 101 -1
301380 -639629 5 1
-145285 301247 593 -1
772768 337853 337853 1
329775 36276 3 -1
494149 -274827 2 1
-87536 -627806 3527 -1
-894446 140629 9127 -1
38427 630730 3 1
797052 128513 7 1
-520495 -948199 2 1
294949 -656002 294949 1
-800959 -405889 0 -1
-469549 -226066 109 -1
730278 -286600 1399 1
-104708 -616996 26177 1
-610156 528498 152539 1
316884 -241619 2 1
636958 953748 45497 1
18897 -658434 6299 -1
661188 140524 43 1
-405659 -435731 2 1
618491 688026 79 -1
441436 -342346 17 -1
787671 125950 229 -1
-988975 -202480 179 -1
980648 -344168 11 1
83543 286312 19 1
-130767 -716933 2 1
-704704 -76615 2 1
458281 400769 2 1
200275 -88091 8011 1
278640 -765961 5 1
230746 133030 113 -1
-12520 -462740 1361 -1
-50256 -709290 3 -1
519795 517018 0 1
586839 -708416 3 1
-609952 -827495 359 -1
-669144 -591127 3 -1
-863492 -496765 30839 -1
-563240 -638538 5 -1
-735223 -394474 59 1
-42113 -744533 2 -1
335274 232061 109 -1
617111 -247370 2 -1
-925386 -130737 2003 -1
655638 16524 4751 1
976750 214024 0 1
-20166 979350 2 1
-402867 182240 43 1
-724119 275492 2 1
682101 193239 421 1
759666 -513759 2 1
57435 -712811 547 1
266997 -119915 1459 -1
-127815 -267727 267727 -1
279851 -897661 16937 1
-690947 818034 7 1
184235 -271298 5 -1
-741836 991057 0 1
-281642 437508 2 1
116241 -746903 38747 1
722121 -358182 11 1
407247 -627359 31 1
865175 -447096 3 -1
-950502 -380115 53 1
866952 585372 3 1
-105537 812665 3 1
150561 -202586 0 1
-389387 -136858 1061 1
761205 663684 1637 1
-398306 411051 181 1
256842 -135209 2 1
827699 -528239 2 1
395344 -481327 7 1
867401 637622 2 1
727273 83320 727273 1
168367 857587 0 1
119235 185074 0 1
535007 -17866 17 1
876768 -672603 3 1
164367 -967398 161233 1
579630 -312431 2 1
104594 810842 241 1
921021 930136 337 1
-589285 255334 2969 1
-190968 -736371 9091 -1
-272794 515021 136397 -1
751156 -184695 193 1
-908453 -182393 67 -1
-1365 982189 2 1
653977 -138047 41 -1
266968 -944627 0 1
968546 682398 2 1
-566686 -820428 9767 -1
201889 523750 419 -1
-613943 -758700 3 1
-980713 -93239 0 -1
-716343 449074 151 1
-243970 450697 937 -1
-414764 322658 7 -1
-491731 -840488 2 -1
-703165 361538 67 1
-470555 235333 7 -1
-574977 260862 23 -1
410802 -191332 3 -1
605361 -964024 2 1
555578 -993020 5 -1
572944 147706 23 -1
764893 278237 278237 -1
199575 -394163 3 1
605956 921285 3 1
-345389 131749 2 1
436397 -353662 97 1
-256158 992380 59 1
-552467 -687467 349 -1
-850334 -745926 37 -1
959860 -702613 0 1
860172 158954 89 -1
-725423 -736701 7 1
883989 -542358 3 1
913765 -178262 17 1
926294 85432 0 1
-607238 -85625 0 -1
-356277 474771 103 -1
537679 417558 69593 -1
-849540 768223 2 -1
-212763 821225 70921 1
785099 -788210 7 1
-596318 -210963 3 1
-809247 892339 7 1
65241 894773 2 1
-303617 -930330 3 1
-599766 -763926 99961 -1
-253722 828211 7 1
-230931 -971107 1019 1
-760966 558026 1733 -1
-940711 563858 131 1
-33655 -622680 127 1
516070 60233 67 1
644751 512076 3 -1
-820174 -760654 0 -1
-206991 -514396 3 1
-164461 -206414 14951 1
874457 -424373 18451 -1
-367346 -127683 1381 -1
-743804 732846 1823 1
170908 689782 2 -1
-481518 261037 241 -1
-800029 -149263 800029 1
-722941 -665794 97 -1
-411484 817276 204319 1
-189448 673925 17 -1
10366 287943 73 -1
586108 613435 0 1
-557683 307567 7 1
-122074 -573062 7 -1
966657 225902 0 1
-456257 -249022 1399 1
-930284 794165 0 1
-23215 -724120 0 -1
936453 440147 17 1
-2460 654693 13 1
58349 -30446 13 -1
745518 -967065 5861 1
993434 373140 2 -1
-849768 163967 35407 1
983321 -651781 3203 1
-536835 268717 19 -1
502652 262866 227 1
533254 850377 19 -1
-799637 988076 2 -1
202042 670202 0 1
378280 385868 13781 1
624439 828214 414107 -1
558527 582718 291359 -1
365056 -738927 317 -1
387695 -46479 3 -1
482684 884906 0 1
205249 -158375 5 1
831092 -336857 173 -1
-490127 219591 2621 -1
-382146 -579254 22279 -1
-555646 902689 43 -1
889378 -599032 19 1
-204833 78964 12049 1
727266 878853 23 1
-911272 172791 263 1
-552600 670377 307 1
-883076 530664 2 1
837913 -36448 2 1
-173670 806333 2 -1
459843 -358453 373 1
-716882 -609832 31 -1
-203868 -398965 7 -1
195043 404323 2 -1
-874270 715063 715063 1
-758374 419068 0 1
-523370 450589 5 1
331489 809769 0 1
-116006 120845 2 -1
-650118 -653026 2 -1
810709 -768001 13 1
-276667 30175 523 1
986696 756761 37 -1
556862 113440 2 1
301720 319924 397 -1
-979632 -597906 59 1
-980375 189973 11 1
293907 797115 0 1
944968 -406032 2 1
733686 -747286 0 1
908379 934778 100931 1
-311163 81356 0 1
-371449 376894 26921 1
82629 -204292 3 1
615526 -959473 0 1
183233 -810074 97 1
37560 -382947 0 1
-955242 -938822 3 1
-86090 -822477 2 1
467410 -856164 2 1
-32659 265750 0 1
581549 -617412 2237 1
-559530 -148556 37139 -1
-673129 -314192 73 1
-519385 -190931 953 1
273186 -835676 3541 1
558073 733933 2437 -1
904103 -175768 904103 -1
-251451 -574446 3 -1
-46322 190288 23 1
-589970 -410558 0 -1
123823 -17766 7 1
-946469 572166 3 1
-61291 879623 0 1
527123 -710413 131 -1
-229584 222722 193 1
920381 331252 82813 -1
597936 -442347 2 1
242147 -387407 0 1
-834998 958816 0 1
-889593 839958 7 1
150140 193838 7507 1
340902 -595079 25873 -1
-303350 -438944 2 1
-308095 713833 43 -1
456664 -865593 13 1
-155681 -990842 2 -1
-921708 325974 0 1
110553 692056 3 1
-722478 -242972 0 -1
30865 -367701 73 1
-591276 -746883 3 -1
22591 -223738 41 1
-274562 -127893 2 1
375162 -347803 0 1
331528 -920548 1429 1
85180 197564 2 -1
-985450 -496787 5 1
615689 406127 47 1
758132 -574968 3 -1
-252067 215887 443 1
14733 -616945 0 1
724036 -922097 31 -1
97494 401576 101 -1
-67302 -339915 17 1
28799 -467080 11677 -1
-467274 -198424 2 1
-827096 413082 433 1
843758 -531071 0 1
528866 138415 5 1
11277 979067 43 1
592236 345750 3 -1
531719 -866048 71 1
758260 -414510 2 -1
-593614 903590 90359 1
-465419 -145699 0 -1
425897 -519467 0 1
-82793 728628 0 1
721397 594802 721397 -1
823608 -579626 353 -1
756109 -864963 2 1
48535 917257 11 1
-489762 -272594 13 1
106939 -206332 0 1
156761 -698513 2 1
-507326 -314285 8747 -1
-41028 -111777 2 -1
671280 732687 863 1
-195500 -661650 11 1
34074 760741 19 1
103957 -345581 2 1
-945975 118607 83 1
213881 -973663 213881 -1
715224 -229681 3 -1
93627 15185 0 1
510109 910275 11863 -1
481891 -36559 36559 -1
92321 609322 43 -1
-367423 764058 0 1
524807 820666 73 1
22967 726426 17 1
-188447 854585 67 1
330297 960185 10009 -1
585415 -951560 2 -1
449890 112228 2 1
-311207 32101 47 1
-692261 498117 3 1
531649 -522680 179 1
-835173 775808 3 1
983810 -368787 2 -1
-111709 95983 2 -1
86441 645699 3 -1
911269 -767623 0 1
-119362 -434998 2 -1
467882 -404978 0 1
-966931 817232 47 -1
-90511 199066 59 -1
-61304 -401539 401539 -1
-461912 -563385 11 -1
704880 -268942 0 1
467077 -632424 0 1
161062 -902455 5 -1
79591 115306 71 1
-184183 848984 106123 -1
619510 729972 0 1
105619 74762 105619 -1
-756865 -652759 0 -1
726036 -382015 3 -1
-853012 180150 2 1
-318272 -315127 2 1
-46392 -491429 0 -1
783244 66357 7 1
990423 221740 199 -1
817608 905773 163 1
-884191 842990 11 1
-998565 148309 3 1
-572401 -126513 23 -1
250384 289590 2 1
614712 379716 3 1
-785430 -406971 0 -1
-451122 -887759 2 1
337572 142457 7 1
-213531 646751 197 -1
24583 567083 11 1
-866144 231150 23 1
423198 920938 0 1
-651465 854555 5 -1
-133312 918417 2 1
534854 102298 17 1
171924 571341 14327 1
531260 -617194 5 1
-905785 -681662 569 1
101722 -621320 2 -1
17609 -32741 17609 -1
417496 656474 23 1
-392330 -224689 39233 -1
-274517 562149 0 1
-782965 208561 156593 -1
-272467 -127672 2 -1
-705709 -673647 3 -1
572929 774479 223 -1
-965877 991928 11 1
27394 744806 41 -1
-19985 -371958 571 -1
-825624 185088 3 1
435843 121764 139 1
-507040 698097 3169 -1
-215179 -270408 2 -1
-859182 -259564 0 -1
-964094 -513513 2 1
-296884 -908502 0 -1
316130 -107201 0 1
-181074 32402 3 -1
173574 472621 3 1
255538 -998145 3 1
-592388 -217585 2 -1
-108880 707105 89 -1
218764 -753683 7 1
-479927 922234 9811 -1
-861706 -272845 0 -1
294455 244222 2 -1
669868 246523 9851 -1
-197524 -9135 0 -1
591929 665947 13 1
-530283 875606 683 1
967898 -631008 25471 1
-699352 -560741 19 1
771348 643104 2 -1
-759950 -580970 0 -1
536226 -667347 2 -1
-639071 -945560 5 1
645189 -120583 2 1
-834958 -221423 2 1
-286276 993075 13241 1
598875 -187795 23 1
204616 -303227 0 1
-301789 549809 0 1
-891738 -694239 3 -1
-106902 435027 3 -1
450612 -299778 2 -1
984007 236619 431 -1
-432549 -498745 0 -1
-952649 722402 2 1
769683 590155 2 -1
-982019 -28486 14243 1
-363076 711500 2 -1
-184572 -111688 2 1
-564024 -900295 71 -1
461074 -517692 2 1
-539016 885861 0 1
800447 -299905 2 -1
-581445 -815343 2 1
-976203 402197 402197 1
828361 -76143 828361 1
-38164 -228262 29 -1
-439786 368947 0 1
-983635 68332 196727 1
-762408 -27619 10589 1
-44850 199916 2 1
844363 -249139 0 1
-689719 411455 0 1
595290 197860 761 1
89822 837735 97 1
-827671 699459 13 -1
-104302 553093 553093 -1
676354 -317935 5 1
434057 -242814 193 -1
648862 -103101 2 1
362452 100964 43 -1
829908 875751 2 1
999461 950497 950497 -1
-300707 649609 97 -1
18524 528469 2 1
25535 -655538 5107 -1
836174 -218199 3 -1
-66075 693123 2 1
-946715 -114681 7 -1
39478 878849 2 1
-254787 -231189 101 1
987341 428296 11 1
36382 -750457 2 -1
-220341 -244825 607 -1
-16 84994 7 -1
-117820 87096 2 1
147450 772443 67 -1
737030 474344 4561 -1
-923027 538914 0 1
-935933 -985848 41077 -1
-283034 520707 3 1
-776710 375279 2 1
956724 -261776 0 1
-342614 -87938 43969 -1
-875453 -439994 491 -1
-76448 -118886 2 1
271628 -956924 0 1
-285361 -132248 653 -1
913381 -332516 857 1
384805 910216 113777 1
958985 -221283 269 -1
404737 691424 17 1
978663 157373 29 -1
892 726798 2 -1
672736 860072 0 1
-477117 -538683 41 1
693659 804307 2 -1
-264381 -525922 3 -1
361295 -251839 5 1
-593600 397863 7 1
520512 -96718 3 -1
-108960 810960 0 1
-80061 -461048 7 -1
-76891 -168483 71 1
-975506 418530 5 1
874637 -340973 349 -1
201090 -775082 6703 -1
485835 585871 2 -1
-801977 332282 29 -1
737768 328525 773 -1
-720781 -701301 31 -1
500944 110376 7 -1
739043 757445 2 1
-963288 335705 787 -1
-722349 -934923 0 -1
-408516 430615 1213 -1
447370 -76765 1181 1
55901 -883653 0 1
-426195 -472712 7 -1
-251426 878548 7 -1
-161047 -281028 3 -1
538753 5320 83 -1
728467 368939 587 1
-221223 807355 161471 -1
-788581 -726584 37 -1
-946925 796440 7 1
-746849 -859046 2 1
-92835 146831 359 1
750931 227065 157 -1
157590 -654959 2 1
249306 -584682 13921 -1
906184 -641408 5011 1
742156 -739782 3 1
-15603 -466850 3 1
-567412 829594 141853 1
606752 231354 3 1
339571 -169248 149 1
928643 172518 28753 -1
-772507 -445689 0 -1
-266057 -933572 0 -1
626091 672188 15277 1
951220 516079 239 -1
-72271 -220834 72271 -1
333193 -949494 47599 1
241935 -434363 5 -1
-6119 178680 29 -1
-505327 619674 3 -1
-638243 -140051 2 1
-737504 280024 2 -1
581779 -97221 52889 1
728636 874256 182159 -1
-915387 559304 151 -1
483778 774823 0 1
-712802 -321277 29207 1
91381 943756 0 1
-918460 -775851 258617 1
336259 512928 137 1
752513 817157 74287 -1
26439 -371566 13 1
-153574 537180 2 1
-844830 -524643 3 1
-289429 -497132 7 1
-204320 -733678 11 1
474874 -635443 283 1
-617643 -650931 5279 1
388345 660362 769 -1
-478277 325755 127 -1
717443 395447 717443 1
-593739 608687 1783 -1
988114 -629938 0 1
956269 -28013 0 1
-977310 782441 0 1
263490 -168187 3 -1
-256901 931152 0 1
-199387 -514409 8669 1
183588 879576 15299 -1
82507 468052 9001 -1
-779509 964213 71 -1
-415160 -923722 5 -1
643653 -396884 0 1
-939429 932643 3 1
12886 318858 3 1
-209643 -425501 425501 1
-105359 825157 53 -1
242503 -306289 863 1
-850641 -971721 1069 -1
538591 -42645 3 1
110344 611547 1061 1
395404 426478 2 1
262429 -140608 43 -1
-134139 -406924 0 -1
530849 -174669 3 -1
577045 762010 181 -1
388907 -741351 23 1
-76187 -521356 17 1
221779 378593 0 1
-994716 695944 27631 -1
458412 -869272 0 1
471432 -915670 0 1
-830724 -955951 0 -1
-838533 -707829 13879 1
-905760 -981025 37 1
-66051 -466617 0 -1
498787 891798 2 1
133877 -296782 0 1
-51890 533630 73 -1
-602672 937549 7 1
-182686 35936 1123 -1
-512414 532533 177511 1
327930 160896 643 1
498531 384936 3 1
205312 -825206 2 -1
-955096 -662131 2 -1
54528 -573678 0 1
298482 -952412 2 1
-86963 -329596 19 1
-50655 -358302 3 -1
162467 96365 4391 1
96584 -144640 2 -1
616808 196473 0 1
-240437 253147 0 1
-943420 -117061 7 1
-957353 -351612 0 -1
314145 414275 0 1
-864584 549171 2 1
-874447 -806051 2357 1
43049 -2158 0 1
-627131 -622471 0 -1
965350 -614264 5 1
840732 -848404 2 -1
826194 -65382 2 -1
-462310 449010 2 -1
-21128 631650 19 -1
-465369 -873956 3 1
-162277 -176589 2803 1
425478 134177 134177 1
231330 17431 5 1
805417 207243 23027 1
-756666 -402242 3 1
336095 899041 11 1
-446073 -324904 2389 1
274328 -662266 30103 1
147152 -666120 541 -1
226576 778381 0 1
-779601 -245508 259867 -1
-298223 -321800 1609 1
155909 106590 67 1
-9406 -353941 2 -1
971129 723201 0 1
-553313 -398536 31 -1
256725 12860 7 1
-410996 -462115 37 -1
466687 -208134 3 1
143526 256298 19 1
-518907 -792377 792377 -1
151755 -663789 7 1
563077 280672 179 -1
708807 -617530 1669 1
129185 -209543 2 1
-368486 479341 29 -1
793245 491155 7 -1
-481715 -377389 13 1
250913 -684478 13 -1
-411884 -42520 5 1
334454 646148 3889 -1
-127618 320684 881 -1
558759 -181811 0 1
455768 176609 176609 1
-666658 397091 479 1
534575 -945534 5 1
-57186 -27629 7 1
112829 811029 3 -1
-603795 -142654 71327 -1
-778376 -624020 5 1
-368074 245412 431 1
657822 -983686 3 -1
-467673 59135 0 1
408643 392914 0 1
-802559 753507 2887 -1
-634854 -757720 11 1
707641 73470 23 1
-524520 270804 2 -1
-644101 374223 1579 -1
-177620 -743082 5 -1
-2954 -734093 211 -1
-448751 -717623 8467 -1
-91187 136060 5 -1
51399 -762689 2 -1
746884 -445747 3061 1
702708 505540 3 1
124109 615228 167 1
-686960 737056 0 1
681940 -500267 2 1
354796 652237 13 1
166609 -502345 166609 1
-671215 520255 134243 -1
938112 287744 7 1
-552806 529119 17 -1
521480 -930460 0 1
-259629 234272 37 1
668106 -95528 3 1
-751202 593998 23 1
313455 -992269 5 1
188339 -604457 86351 1
-631172 -598669 2 -1
-419947 -835915 0 -1
-701397 250207 151 -1
272822 -801251 12401 1
534847 672038 73 1
-592307 26397 419 -1
-756838 -125679 23 1
914348 -809661 3 -1
-731882 180375 365941 1
-957182 730318 365159 -1
-196867 622519 0 1
438177 -288915 11 1
317352 -141486 1889 1
-921018 439560 3 -1
186204 408496 0 1
-805994 681284 941 1
525626 437292 977 1
222053 808015 0 1
-748299 -35024 249433 -1
446205 -412199 24247 1
45106 -197666 2017 1
695133 -304719 101573 1
771441 140274 2 1
-629090 -861960 11 1
-825843 318463 2 1
709344 -917152 821 1
-158011 -223945 44789 -1
-224568 180524 3119 1
-619963 5850 2 -1
378206 702308 521 1
519929 -282355 149 1
-747090 566054 5 1
-420585 -286855 11 1
-915312 235593 0 1
569385 123564 3 1
-352597 231109 17 -1
-177796 156449 1549 -1
461926 179448 0 1
-912528 339642 2 1
-498255 -407001 3 1
636769 25720 5 1
775831 121319 7 1
-780785 666273 156157 1
517632 -967504 3557 1
-20035 57386 5 1
-158725 315922 5 1
-42938 -830192 89 1
-740281 -241081 131 -1
666201 381935 0 1
812957 439676 97 1
707959 -946851 0 1
-73518 -20314 3 -1
417359 -461322 487 1
363586 970421 1699 -1
-244612 404067 2 -1
-206624 -861996 29 1
389928 575106 13693 -1
-455978 -637030 227989 1
-541930 220813 419 1
340173 983721 2 1
-81027 -446131 3001 -1
986981 -417242 986981 -1
-76158 844727 0 1
-372897 -324916 29 -1
968396 -140491 11 1
221372 -49839 37 1
874195 -127731 0 1
319876 449550 5 1
-923055 -379766 599 1
562939 427352 0 1
959975 -887359 5 1
532149 -323870 3 1
-913041 995181 0 1
-993614 56329 1889 1
-287945 -128031 2 1
-225521 323191 2 -1
166960 657393 2087 -1
-468528 -881327 881327 1
-635322 -667745 19 -1
-291375 -713964 5 1
-291066 -600140 2 -1
468216 259802 0 1
-913707 323736 47 -1
-796617 501310 2 -1
492001 -218061 59 1
-929621 845405 7 1
-966285 92826 0 1
-551422 -670726 275711 1
220050 -608640 3 1
752685 -424398 0 1
969705 289762 0 1
391244 877942 89 -1
247318 -239458 31 -1
112630 -905101 281 -1
-532669 483174 1579 -1
407268 169726 0 1
-68944 298717 61 1
124463 -128006 71 -1
-305384 -350594 307 1
757429 -355865 757429 -1
-334154 145547 2 1
537149 -69496 73 -1
-17986 -689085 0 -1
-959473 -631630 959473 1
179607 -686273 79 1
827945 -966651 241 -1
-951726 -486119 158621 -1
855979 -621845 7 -1
580950 -726357 2 1
-504929 -516603 2 1
-208681 -316651 0 -1
571456 -285262 43 -1
-435457 962195 31 -1
567224 -509577 169859 -1
364733 223132 7 -1
45679 842836 2 1
745213 234551 79 -1
716322 293898 73 1
58145 -216251 401 1
-104431 803377 0 1
794715 -742969 52981 -1
-557406 -118944 2 -1
-639022 757269 0 1
-55470 892430 2 1
730861 534172 19753 1
-780458 118330 11833 -1
-247676 -125737 2 1
-369824 -608612 71 1
-683170 -643679 443 -1
748638 -138303 3 1
-496975 -160968 353 1
679479 -689542 2 1
-234893 -211738 23 1
684941 680547 1409 -1
-518021 -199985 1721 -1
-346342 -13129 19 1
410191 -524754 21589 1
-786711 -969829 7 -1
378581 923484 7 1
195393 -891679 3 -1
-595044 -116340 0 -1
269205 669234 5 1
-196962 -800438 17 -1
914364 575503 3 1
-858604 324636 2 1
760055 778633 2141 -1
-868367 -965038 482519 -1
-110229 -665777 0 -1
903323 -134147 2 1
4534 651804 29 -1
197438 917306 35281 1
-359103 777819 7 1
906321 -397531 3 -1
296627 -579752 296627 -1
-193062 -607908 7 -1
522304 484461 3 1
-223138 612215 122443 1
674559 -538332 241 -1
-893293 -344340 10037 -1
501638 935570 19 -1
-645517 -723945 0 -1
-770606 -79208 2 -1
-866683 498145 67 1
999230 604078 2 -1
-836609 -577174 281 1
445811 -643347 197 1
121917 718913 3 -1
815244 618405 5 1
-815678 376648 0 1
122078 17923 31 1
-762513 111639 17 -1
117799 225524 0 1
44088 216644 0 1
662271 112029 220757 1
-791486 213557 17 -1
829637 385580 0 1
-896900 -916716 5 1
178317 -843938 2 -1
385374 -743071 7 -1
409030 -189910 2 1
297987 -845023 2 1
-767724 210135 14009 -1
-552671 978673 23 -1
-837915 861158 430579 1
984843 -787565 2 -1
55342 647023 2 -1
-112541 -293043 0 -1
-626212 -469275 5 1
69600 -132385 0 1
-180960 680154 2 -1
104034 -388558 2 1
110718 -29234 0 1
506510 283593 0 1
481863 -330284 0 1
403462 -791182 0 1
704109 298739 0 1
-185014 -910954 47 1
-635029 -178465 5099 1
-915075 -220982 3 1
340959 321487 2 -1
460589 565221 188407 1
4653 703221 29 1
661777 -827968 2 1
201432 -799376 3 1
-79502 614063 127 1
-240687 924184 0 1
313606 91760 29 1
-151415 732587 5 -1
609985 329468 0 1
-663106 -230217 331553 1
857549 75760 2 1
560877 399668 2 1
393119 -371011 1399 1
834684 -871308 2 1
810605 -338005 223 1
-376280 340217 4099 1
-962702 -878561 397 1
-527963 -655203 6361 1
-958668 -595477 71 1
-416075 -532596 44383 -1
-340555 -588291 11 1
902944 822690 139 -1
-251242 -366992 2 -1
902868 95759 0 1
-450232 -493015 653 -1
-530676 -213382 2 -1
-644199 -316751 0 -1
214211 436999 214211 -1
59103 765223 199 -1
-321058 303407 13 1
86063 -585463 34439 1
181740 -571077 233 -1
-666034 -419945 5 1
-40583 772755 0 1
176301 -923452 2 1
354942 -131369 313 -1
672774 968450 3 -1
702274 7458 0 1
540072 -540026 13 -1
-650963 -823332 3 1
901252 -191923 281 1
-608980 877967 5 -1
302454 -417211 421 1
757892 -47002 2 1
254056 -386358 9199 -1
406163 -970676 2 -1
-909145 -314777 349 -1
-487252 574722 673 -1
235957 974983 0 1
-280266 -145986 839 -1
-462910 860328 17 1
-887605 -526434 1063 1
284260 646074 11 1
-31375 916660 5 -1
190127 -273030 2 1
-51664 -733552 127 1
722043 602688 43 -1
-159485 -416346 3 1
206624 207925 2 -1
738753 687457 2 1
992542 908174 23 -1
90431 -54763 0 1
594056 888263 0 1
-570717 -680694 3 1
-276341 -835823 835823 1
-962928 -953278 3 1
57210 692346 173 -1
500301 610956 55589 1
975864 -935513 935513 1
312431 979385 44633 -1
464328 -84441 0 1
-563715 -753957 0 -1
445863 -391550 191 1
461627 579006 461627 1
-236967 362469 120823 1
14741 743908 53 1
246699 -462640 5 1
960045 317028 0 1
141645 -773710 19 -1
-67074 398352 2 1
652136 393758 196879 -1
152685 -496841 13 -1
574377 -373666 191459 -1
-885805 -149898 5 -1
648507 910714 113 -1
245013 -630644 0 1
-7947 -397539 883 -1
-79538 -409780 7 -1
-133680 -188246 61 -1
-762047 23975 5 1
-509900 525393 11 1
423597 514311 3 1
-323014 677216 21163 -1
110766 -776861 776861 -1
-629078 208634 73 1
215756 -209686 53939 1
-753887 -896888 521 -1
153145 -873978 3 1
498487 464984 11 1
-101045 595533 7 1
988217 -437273 0 1
853563 736731 3 1
577466 588675 3 -1
435748 868234 0 1
-458217 174061 3 1
692460 -338750 2 -1
-876454 -598397 739 -1
-979026 365149 11779 -1
776554 681613 681613 1
847910 -53820 5 -1
380093 971308 7757 1
-365786 -311979 0 -1
358616 -644689 0 1
345492 751263 2 1
25671 -137858 0 1
-756149 347427 3 1
93550 -537941 0 1
-620360 -647435 1193 -1
-275953 734393 11 1
-397317 910412 2 -1
809607 -693182 2 1
-605480 167078 601 -1
-237921 -345679 1117 1
371922 -408559 2 1
725435 320985 29 1
-20366 -263406 3 1
-117756 -584165 116833 -1
-962158 -583760 139 -1
596184 224697 2 1
140133 -529536 7 1
-283531 -178697 178697 -1
825293 134161 7 -1
988491 -595166 103 -1
-715286 -750215 2 1
595403 -634370 5 -1
889946 -648126 0 1
567919 424840 43 -1
-569996 -552413 0 -1
433328 -130417 601 -1
849312 -226590 3 -1
628919 -34502 419 -1
824563 846688 824563 1
303047 -733542 683 -1
-550538 957297 3 1
-535592 -53103 2 1
176266 549680 2 -1
-881224 -601677 59 1
-806249 959314 739 -1
-159124 -695186 0 -1
134269 -782193 2053 1
633299 -305237 31 1
960181 -708616 109 1
-61343 758313 2 1
533562 -533532 0 1
-667919 -233585 2 1
-652864 -869019 3 -1
-748863 -358200 3 1
-90504 726412 181603 -1
976070 27198 97607 1
434766 -219956 72461 -1
-580542 113713 17 1
695337 580620 3 1
738843 -649687 521 1
535245 -903683 11 -1
-364710 -159347 159347 1
192393 -591892 2 1
534460 -386407 0 1
507966 464092 2731 -1
213008 -289596 2 1
7343 25967 2 -1
-542550 -423159 5 1
-868716 890661 59 -1
338630 686929 5 1
313882 89768 0 1
-738637 641243 0 1
979491 256952 3 -1
-991217 651514 239 1
484022 953085 449 -1
59799 -495759 83 -1
-174198 803432 14347 1
121848 149910 19 1
236464 -241170 14779 1
-259455 929592 0 1
244252 370777 2 1
77966 -422217 1091 1
-232116 -772331 7 1
732155 119173 127 1
265093 -133845 2 1
349393 -179580 41 1
-29257 -373941 0 -1
879066 807684 0 1
259785 -552936 3 -1
-713759 154318 31033 1
-225959 581773 581773 -1
-279866 -76198 3413 -1
-340513 -950176 0 -1
-232679 159250 17 -1
-368999 -599836 5171 1
182910 -959544 2 1
312035 -248428 2 1
977175 22267 101 1
573497 534130 573497 1
-852613 454536 852613 -1
744280 109544 0 1
-113165 -314234 5 1
-310654 739619 17 1
-890777 -881467 2 1
515890 -210724 23 1
655307 804809 0 1
-874892 -678533 218723 -1
762389 210100 5 1
852437 -490541 0 1
-471565 -983840 2 1
-82943 -364225 5 1
-631841 -21679 19 1
883672 485825 5 1
-10869 755335 5 1
-393377 -896786 40763 1
-94216 -264428 0 -1
700208 -169014 1657 -1
570541 944276 337 1
-603193 -346208 19 -1
-689027 268847 17 1
-830747 713128 83 1
-913346 584810 65239 1
-293261 -308865 2 -1
600296 -571261 2 -1
316303 -498780 0 1
-867432 751508 0 1
-813 -847250 3 1
499463 -599462 2 1
-997629 897063 4463 -1
-797374 -23969 0 -1
977881 521207 0 1
-837164 683010 7589 -1
973665 609495 281 -1
-357985 896754 5 1
-21172 315886 2 1
477619 -449387 0 1
162138 654974 0 1
-961398 840493 353 -1
-275193 -500377 661 -1
864113 -891048 29 1
-512382 -760338 0 -1
-767539 442421 2 1
379529 -465300 5 1
-494817 -523043 19 -1
973693 -442249 0 1
305001 -831275 3 1
862944 910694 1609 1
656521 -45162 2111 1
-427837 -896619 0 -1
113657 879201 3 -1
747484 959548 17 -1
814244 -380564 251 -1
371462 -191809 3251 -1
382527 89326 2 -1
22701 -594516 47 1
-796426 827078 59077 1
-791518 -830805 2 -1
857247 609907 0 1
-608778 -571522 31 1
756977 80042 31 1
506889 -761327 3313 -1
370822 881839 0 1
-544222 -664764 0 -1
123783 398549 0 1
244812 391907 0 1
-588421 -268100 7 -1
-893950 416899 5 1
-636025 -557646 5 1
461660 967282 41 1
120710 -359884 7 1
746600 -154676 5 1
-133677 -549679 2 1
678564 -887881 61 -1
-370507 -981130 41 1
235109 -866614 33587 -1
-79050 627339 17 -1
38662 225910 5 -1
-772839 -473936 3 1
265637 -729206 2447 -1
-603111 -646027 2 1
866136 -818379 3 -1
-271163 -372946 2 -1
764937 314462 691 1
-47013 -665649 2 -1
601283 573314 1321 -1
723935 316066 0 1
67300 28789 28789 1
640845 356120 0 1
720512 -284624 0 1
511119 -634480 61 1
-814228 367896 0 1
-270433 852714 7309 -1
538001 497450 9949 -1
-974752 853491 83 -1
-363987 -981400 61 -1
-704327 437615 0 1
-438312 -343209 2 -1
-541255 -566829 5 1
-105818 -805925 0 -1
960080 987779 11 1
433876 -597785 0 1
507275 535225 5 1
-345027 215863 47 -1
-559282 -940260 3 -1
197307 913964 7879 -1
907789 -265548 2 1
-631971 -40276 0 -1
59617 -941895 5 -1
952002 782021 79 1
9050 793989 2 -1
-358842 -344256 0 -1
-642109 -573707 49393 1
513708 -402484 0 1
177811 -535087 2 1
-278385 630658 0 1
-180743 -620255 0 -1
-591240 -987985 3 -1
-455900 -339574 47 1
-133904 -561929 8387 -1
-30490 -226451 5 1
-818067 609348 389 -1
-414470 543097 5 -1
-570722 -368723 5051 1
-644053 521482 647 -1
204660 -206765 2 1
-993464 -197239 0 -1
758797 33527 58369 1
343831 716555 5 1
-474512 -307170 5 -1
-657672 121181 2 -1
-292486 536954 179 -1
395853 -77498 38749 1
810735 -729217 2 -1
437313 494723 3 -1
423120 -739653 41 -1
432612 -276799 197 -1
836896 -409113 131 -1
683500 933190 2 1
-493559 49029 11 1
-817935 690352 31 -1
642236 549021 3 -1
-716027 -522235 0 -1
360281 -414410 2 1
-31201 -596096 4657 -1
661634 29812 2 -1
991339 -563969 7 -1
-552032 370315 0 1
384837 384990 41 -1
-928181 -871313 2 -1
-968250 53587 5 -1
721953 800227 3 1
282505 -762636 5 1
-408719 998990 2 1
-41981 -656705 5 1
-312161 -627512 0 -1
-671263 38947 293 1
738775 944675 5 1
-67688 -765699 2 -1
597846 -787703 3 1
-953034 289182 2 1
18094 336367 2 -1
-342967 -60565 5813 1
85718 -254946 42491 -1
210563 -982094 569 1
993252 455718 2 1
218293 994353 23 -1
-819997 -43684 163 1
-57262 -439464 2 -1
748754 421222 2 -1
489605 698725 0 1
680805 -491749 3 1
768157 -552494 276247 1
513627 -707935 141587 -1
512219 -52317 5813 -1
-346306 -127490 19 1
-911499 -746988 10477 -1
356694 -238288 0 1
562530 872366 2087 1
-197662 -134932 7 1
-30309 -902511 10103 1
-231236 861143 2 -1
940517 820877 13457 1
-512972 26336 2 -1
331058 671594 13 1
-490586 472785 307 -1
247840 337384 0 1
-88233 181323 3 -1
-338161 -312176 2 1
304401 8714 2 1
-458588 -491811 5653 1
81281 92329 2 1
-612551 -455359 397 -1
772448 -235723 2 -1
429107 -744271 6151 -1
99997 820966 683 -1
251610 966300 3221 -1
-821050 -641427 16421 -1
-894827 625982 61 -1
636565 796454 17 1
369855 -650710 8219 1
-1960 -29892 7 1
116081 117097 7 1
-740321 875165 2 1
-736283 -116898 3 1
460554 719953 1301 1
-443391 14614 0 1
81532 -744631 43 1
-554653 -813561 3 -1
-458707 510527 14797 1
412074 805238 0 1
96320 -9281 2 1
553059 684075 5 1
242834 -111374 233 -1
963843 -29785 0 1
-490042 514903 7 1
192890 169700 0 1
-690630 -644096 3 1
-126166 813793 2 1
-840187 289168 11 1
-44301 -404869 29 -1
-799404 351224 2 -1
175651 -881184 0 1
177053 573055 5 -1
177968 310724 2 1
-608106 627521 0 1
-927314 -737169 19 -1
975491 568174 88681 -1
734918 -321045 5 -1
659831 518988 0 1
192720 -60403 0 1
859081 -281458 2 1
-497981 639838 319919 -1
690644 864353 23 1
-22647 149590 3 1
-796478 -640816 2 -1
956353 -351400 0 1
622214 111955 59 -1
-378538 817277 4027 1
392928 349556 0 1
169553 -326220 0 1
15055 350129 2 1
330384 136666 0 1
644934 -991746 7 -1
470936 859236 193 1
-599385 671909 95987 -1
244180 161860 0 1
-622185 443617 547 1
181569 828496 3 1
-591543 -629883 2 1
-281995 609598 7 1
50523 901167 1531 1
-588135 -57096 0 -1
-943723 -256864 23 1
-997155 191255 1319 1
773037 -900293 3 1
752833 -557123 7 1
-812013 -757500 2 1
558114 186891 2 -1
126878 -626509 13 -1
-716370 -73436 2 1
-734358 -296460 122393 1
985594 365712 0 1
529146 -915296 239 -1
-503576 -533664 0 -1
-135390 174920 2 1
-429869 -531703 0 -1
628460 -573188 11 -1
981436 -290016 0 1
-285305 911492 2 1
-209580 -25120 0 -1
-56931 433026 7 -1
827881 489231 701 -1
26572 -648108 17 1
-186268 730136 2 1
-166139 912781 0 1
496518 331227 7523 1
324823 -843326 11 1
-53667 -144853 41 1
-727217 613327 41 1
-681544 821985 0 1
-375084 -508445 23 1
-883534 -363967 103 -1
510714 -521237 17 1
802290 760249 0 1
365564 794969 59 1
-883723 160282 80141 -1
-369719 -633629 52817 1
-931292 253064 7 1
-296679 715661 98893 1
-279432 -542041 0 -1
453464 -968502 3 -1
-311578 581272 3623 1
241944 444468 0 1
-294329 -672434 2 -1
433378 -36292 0 1
-339127 -48503 41 1
-236313 -605353 3 1
194837 635589 2 1
-739675 -635291 29587 1
630135 678212 2 1
477648 -494623 2 1
-182199 -547272 2 1
-433322 761647 0 1
899776 497052 2 -1
-187825 59683 2 -1
-272558 -769225 953 -1
-692639 -876955 175391 1
736254 -582474 3 -1
556216 -482619 251 -1
625171 -58611 2 1
158851 -210593 2063 -1
-1589 533947 0 1
-682022 714046 223 1
-860103 494471 2 1
6716 -755668 0 1
-688763 352856 7 1
19706 -755563 24373 -1
535374 965458 3 1
-853190 -928680 13 1
-981654 653561 2 1
-467241 371811 593 -1
994037 -683621 11 -1
-708215 -722394 3 1
893081 -810915 2 1
-619754 970137 3 1
763629 -362680 3 -1
718208 452585 5 -1
133432 -783925 1283 -1
-203653 288183 13723 -1
-478638 -209239 89 1
373833 514845 673 1
-871155 -974849 239 1
946575 -253650 3 1
592901 -609496 47 -1
-483598 804925 10513 -1
57991 -867205 691 1
517347 515109 0 1
-830818 -548453 2 1
-796059 -434529 48281 1
-282706 -255409 141353 1
-880749 527429 0 1
-384090 731806 7 -1
-574280 -178232 2 1
-566564 -146355 11 -1
680626 468531 0 1
616483 -954436 0 1
412434 -74833 2083 -1
-962141 -581444 0 -1
377162 862902 0 1
415001 -857946 2 1
958303 302986 19 -1
-830335 -203787 5 -1
792577 188513 2 1
866891 826657 13 1
496847 -708758 38219 1
657268 -792243 4441 -1
-3628 -291409 907 -1
594897 903855 60257 -1
13550 410168 0 1
-921657 -585207 0 -1
-617598 819233 11437 1
-315879 -930814 3 -1
440253 475994 3 1
909353 -76938 29 1
-433145 662158 0 1
122237 -664557 0 1
-999940 -304085 997 -1
-71816 -114615 0 -1
-448935 -173002 173 1
-385854 -97597 3 -1
299155 868151 2 -1
-981565 -323226 15101 1
418222 376817 2 1
207450 -174461 7 -1
941155 912040 151 1
-774505 297790 811 -1
130552 840315 3 1
-288984 -224292 2 1
254669 -561368 0 1
-650940 82884 571 -1
-22614 -472621 797 1
215046 -396796 3 1
-922683 -307190 5 -1
-278754 -900205 0 -1
425130 -640472 37 -1
-496500 662667 0 1
-903615 -130582 5 -1
-690700 144553 31 -1
243239 485088 31 -1
-834961 -749327 227 1
-654609 -251540 113 1
833999 232294 6113 -1
844529 -924268 2 1
247617 351075 5 1
-975052 542165 17 1
-308594 802040 2 -1
639032 867115 5 -1
-50050 -942184 13 1
325319 -86105 17 -1
-375590 388202 23 1
735796 -408403 183949 1
-983126 -385505 77101 -1
889117 587932 2 1
146442 -459761 0 1
-906232 -976073 0 -1
-706902 712646 29 -1
510260 -312791 823 -1
996393 194736 3 -1
-54508 20894 0 1
-36551 -378624 3 1
-319225 -207029 207029 1
-562255 140218 809 -1
632078 -906826 2 1
330093 55106 467 1
151408 866170 5 -1
576170 -720994 7 -1
-188357 991712 2 1
-388773 750509 11 1
-729224 724536 0 1
197335 -497329 61 1
-691663 613768 17 1
904840 76095 89 -1
-42412 213919 23 -1
-470364 -629097 29 1
837463 -625263 0 1
-248346 856484 2 1
-962180 -49041 3 1
937280 652306 0 1
-938425 124857 37537 -1
124911 142201 2 1
-993905 -757669 5 1
-768263 -169082 2 1
612304 626288 13 1
262999 -752580 23909 -1
-88853 -840389 4021 -1
-688986 577521 3 1
158537 -337431 2 1
65695 5625 7 1
388672 139765 5 -1
-289923 947652 503 1
979684 744972 0 1
806651 787947 262649 -1
-580939 -86520 5 1
847009 -595501 0 1
-850406 -845769 947 1
-931464 365031 40559 1
-324051 592702 7 -1
152189 -471257 1459 1
-872859 579984 2 1
-885613 -398815 0 -1
392495 -183215 36643 1
879050 219179 17581 -1
995850 967108 5 1
210008 739938 123323 -1
424227 -90226 3 -1
-950773 -399490 13 -1
-24557 -31904 1889 1
733599 985012 37 -1
684730 868607 2 1
829670 934776 2 1
281619 -850454 43 -1
398321 782609 7 1
-96342 132085 3 1
-345127 177372 0 1
-822471 -9608 3 1
421647 875369 140549 -1
-649937 504464 2 1
386535 -101679 73 -1
-904516 -333670 61 -1
-527184 -958723 2 1
-239636 409587 3 1
728363 469291 0 1
-797058 -594787 41 1
-252930 382729 382729 1
-168923 149109 251 1
55180 4353 3 1
427650 443099 3 -1
-630309 -373426 3 -1
631366 -193255 2 1
114420 -302947 3 -1
-917550 -682706 2039 1
835139 -274129 587 1
-96779 149554 37 -1
234052 713599 2 1
810109 226347 810109 1
193284 -805792 7 -1
649552 -209953 2 1
-285923 -618413 0 -1
342977 783486 1741 1
-733210 355990 0 1
177757 272781 0 1
-292557 216722 3 -1
797530 -332152 2 -1
339919 -513702 2 1
722160 340112 17 -1
661176 -905846 0 1
423072 39589 3 1
-156948 -783905 41 -1
-341720 -351987 8543 1
220097 993915 2473 1
898806 -76962 2 1
197672 -321149 2 -1
-397674 479861 3 1
-956159 -458915 29 -1
29297 521346 7 1
756958 133424 29 1
-306326 590716 2 1
-224267 913745 5 -1
706465 405182 229 1
720187 -939690 5 -1
-150418 -296217 75209 -1
-210707 -933548 7 1
-447741 -481441 19 -1
617274 -614770 13 -1
680644 -120202 0 1
-164633 -496619 73 1
-116725 587057 5 1
75856 -305865 431 1
-272533 -559228 0 -1
-259843 573155 0 1
682182 6358 4211 1
-505999 595013 13 1
-810002 -573689 405001 -1
37602 82761 2 1
-689629 -995676 19 -1
-614651 -60665 2 1
-403389 -378791 53 1
-60083 499669 0 1
-491750 -823899 67 -1
296444 846676 9203 1
707738 129022 0 1
387779 -37897 2 -1
395665 746439 2 1
437685 -442599 5 1
-979426 -853433 0 -1
-91414 -536305 5 1
126807 -611272 983 -1
339437 574266 2 -1
168633 191503 457 -1
7883 -275713 293 -1
492038 44997 0 1
309514 368509 17 -1
213908 -253694 0 1
946798 802994 0 1
959801 -418003 2 1
861327 845775 19 1
-234890 215239 2 -1
-50423 449965 50423 -1
504227 737036 1123 1
190268 -92163 0 1
621565 317355 59 1
-439598 -126005 11 -1
-93504 -569676 487 -1
984093 -271354 0 1
661574 389642 199 1
-984680 -113938 103 1
-101645 -223215 2 1
-368797 -661489 13 1
582098 985518 0 1
-732232 748184 0 1
640366 -71107 337 -1
-580842 279590 61 1
266931 608979 617 1
-365593 230783 97 -1
160124 -539445 35963 -1
-378205 757776 2 1
-267028 -876754 277 1
-3915 -571108 2131 -1
-908162 -575020 23899 -1
836720 703535 10459 1
-696299 457999 2 1
-818364 378993 61 1
-138954 -44925 2 1
979873 699713 2 1
102769 612530 5 1
-119537 -465014 23 -1
398092 257875 0 1
289040 -380490 3613 -1
403126 -975780 2 -1
205951 575662 205951 -1
-326019 672661 11 -1
-281065 200979 5 1
270084 446416 317 -1
-239380 53125 0 1
-427303 422712 137 -1
-65732 -477848 23 1
-565197 -194719 293 1
-627189 112472 827 1
15528 -119325 43 -1
-986978 177984 103 -1
-105436 438078 613 -1
-40227 767315 23 1
-861081 707988 3 -1
284244 -617376 109 1
601797 -326379 3 1
224454 -509679 439 1
969637 19288 2 -1
342530 219116 5 1
258232 371611 191 -1
341831 -733650 73 -1
-31108 -836507 101 1
636753 4576 0 1
-75927 -85168 25309 1
409384 -358304 2 1
931792 -203878 101939 -1
201295 -91328 1427 -1
-44819 225601 44819 -1
-362715 748953 27739 -1
-109775 659859 2 1
-573782 -412632 2 1
17878 -638322 2 1
388176 -341589 31 1
-401732 453219 0 1
556473 234963 3 1
-306713 -243582 0 -1
-493644 363254 1327 -1
-239608 182991 337 1
-671605 -698216 5 1
-413501 -171098 85549 1
487844 251731 13249 -1
-121070 -36796 0 -1
911145 -709842 16901 1
-796322 859590 631 1
844434 -831866 1091 1
-546173 386391 37 1
-677999 -934688 29209 -1
-988285 -419706 5 1
823769 -364513 364513 -1
-26150 -81610 523 1
-293658 -782701 0 -1
-430243 -775012 0 -1
-780643 -966157 966157 1
100444 342727 11 1
88827 -847486 1021 1
-273345 -149727 0 -1
-314272 -933178 2 -1
359024 451701 19 -1
602381 -522836 2 1
879085 -961885 1613 1
-627750 -293129 31 1
970129 736256 0 1
-157367 -205133 0 -1
821308 299448 205327 1
897235 -196775 5 1
-633440 959162 2 1
637658 -79299 1231 1
399233 -484060 71 1
469732 -362166 8623 -1
712121 352803 2 1
87508 337701 167 1
-229164 590404 67 -1
813960 -239065 349 1
624434 -458284 312217 -1
170066 992008 13 1
777377 835349 2 1
885630 -908156 89 1
-311760 -602347 5 -1
-221411 823938 221411 -1
-231273 -334838 23917 1
-712563 -444393 2 1
419928 -667268 7 -1
273021 15810 3 -1
-882424 -753529 7 -1
467323 180 0 1
-636991 -680993 13553 -1
675224 721736 2 -1
536028 -462840 7 -1
-760611 692174 2 -1
378507 150252 2 -1
-26982 -915977 1499 -1
353492 -839151 0 1
-265323 669003 269 1
-563915 -891423 13 1
-110203 351387 39043 -1
129202 118228 2687 1
-888771 749264 13 1
-188683 453273 1009 1
-307338 288598 0 1
-665023 -309660 13 -1
965676 100832 137 1
54415 158611 158611 1
-339746 -654585 5 1
-738541 179020 151 1
-128622 -912087 37 1
762502 -231821 29327 1
-798706 433218 103 1
245388 -723976 2 1
-515818 315971 73 1
-673607 -894294 293 1
-550856 -674059 37 1
-86058 977737 683 1
171574 380240 7 1
-731459 -545285 17 1
804527 560773 563 1
437750 -955568 59723 1
-202758 -456705 5 -1
208212 884545 3 1
-656417 937295 17 1
-27635 -786172 5 -1
305342 -798208 2 1
-837043 98859 837043 -1
-656465 540577 0 1
823059 600347 109 1
661178 371465 0 1
203811 808677 2 1
964967 -13447 2 1
-369265 -705639 5 1
486484 -853330 2 -1
565295 -384661 2 -1
-940822 -837857 2 1
-501501 -841039 167 -1
753999 700729 3 1
973241 -796894 7 -1
-329733 -405606 36637 -1
549547 675834 2 -1
-494651 -738246 41 -1
673118 -291787 2 -1
829623 -123969 2 -1
745754 135763 1069 -1
-831796 351803 7 1
957030 -967270 3 -1
561552 -35006 3 1
-520600 -29621 19 1
603261 -457974 0 1
-909167 568300 23 1
146172 -176438 1877 1
-192696 112488 43 -1
408356 812970 13 -1
-389943 -754726 31 -1
404009 -970395 64693 -1
-792737 98377 11 1
-980441 873670 107 -1
-775958 258943 2 1
-231117 632455 126491 -1
647459 -753561 829 -1
413561 314924 601 -1
969376 838972 209743 1
-619896 482423 0 1
168873 813151 0 1
-374013 -728456 1433 -1
-615851 -504227 2713 1
-288148 976093 41 -1
845955 43895 11 1
-409368 -146470 2 1
-458959 599237 458959 1
592491 -960796 599 1
53639 -872201 53639 -1
425305 245426 0 1
130434 -564334 21739 -1
-657226 71191 373 1
860732 -5 215183 1
15153 47534 0 1
-548165 -625547 48119 1
587805 149008 2 1
-54200 -328387 541 1
-329492 -517894 82373 1
-559546 17889 89 -1
705933 608270 4679 1
969785 -780010 2 1
-868539 958584 7 1
-148099 867612 7 1
-4738 -160777 103 -1
894757 850352 1567 -1
-210914 243498 40583 -1
621127 207623 47779 1
-375136 511675 617 -1
-199535 -160790 7 1
-811774 225629 225629 -1
255593 -253075 0 1
13574 -272534 0 1
-918184 931996 0 1
57178 -686712 113 1
661979 175565 5 1
-562335 -801939 3 1
598342 468440 239 1
137203 18023 11 1
-922754 -343440 7 1
92097 122341 379 -1
-427928 518766 359 1
-378698 -505847 29 1
-599719 938723 0 1
-739617 672800 246539 -1
449265 -660053 3 1
326740 953999 4943 -1
480382 22671 11 1
-3686 -152106 2 1
-234868 -362273 23 1
137374 -220657 839 -1
961795 37682 227 -1
-666136 168007 0 1
-59440 904154 5 1
460182 -333927 11 -1
224354 900659 8629 1
-452020 297737 97 1
-70517 -225589 467 -1
818931 -109754 29 -1
139602 -402469 53 1
994801 -804683 11 1
327462 -859311 95479 1
783428 -789906 2 1
-734233 339757 11 -1
568511 -799701 2 -1
176044 241409 0 1
957462 248233 2 1
-707379 -431516 235793 1
11258 -980531 0 1
870579 -818682 3 -1
-971171 -373624 0 -1
-18854 -421279 0 -1
903779 -490482 2 1
911058 -389688 3 1
-71153 192962 71153 -1
954991 44281 0 1
897630 572707 572707 1
-302031 -386418 907 -1
-978115 664384 53 1
173736 587001 503 1
28109 260779 3301 1
585920 -156854 0 1
-880884 -138699 0 -1
668025 836719 0 1
-580473 -309073 0 -1
189751 868642 31 -1
463841 -757603 0 1
-30700 901892 307 1
746759 687781 109 1
-236769 -863633 13 1
-84505 -558274 0 -1
-415771 115298 2 -1
596179 -35819 17 -1
-742882 -14181 7 1
-746629 665871 0 1
697068 -781159 3 1
700729 531321 7 1
46217 -695141 409 1
636115 -569980 2 1
698926 -815841 19 1
973461 725395 2 1
-369512 630238 59 1
-521311 -652380 2 1
-346528 -155337 7 -1
-365749 331742 4483 1
374596 892357 0 1
-817674 522406 953 1
954528 -682475 5 1
-585781 472812 2 -1
754682 897889 941 -1
873264 -996383 113 1
123551 -453547 0 1
688866 101991 33997 -1
74735 818444 14947 1
-517618 -536416 2 -1
283942 -70205 0 1
-3924 875253 0 1
-369420 -23622 3 -1
128618 -553622 19 1
-129353 248813 7 -1
546970 -897380 659 -1
-662911 804879 3 1
-838546 -440507 440507 -1
-160581 706553 53527 -1
-965528 -144544 4517 -1
-426068 72224 2 -1
529436 766827 3 1
-990679 673564 0 1
372124 -322279 31 1
-523840 -21104 1319 -1
258145 -893080 83 -1
-613730 245169 4721 -1
879865 -730329 7 1
-14537 -529605 5 -1
-738332 286907 7 1
-22059 -128792 43 1
300010 582932 191 -1
-826352 734654 19 -1
250525 -583902 0 1
462712 530044 0 1
117803 173766 28961 1
743146 -135025 371573 -1
585385 315132 0 1
1386 -560038 7 1
595520 -706171 0 1
-980549 371262 980549 -1
-966274 -951688 7211 1
-467951 -644167 11 1
-238517 -324256 0 -1
-677491 26808 2 -1
776481 -387499 3 -1
-639675 -976444 0 -1
-27975 299962 3 1
-738189 -983256 3 -1
708883 -503809 2 -1
-469223 -183859 2 1
948548 342834 3 -1
-594830 -544127 0 -1
335389 536024 349 -1
794573 -674622 2 -1
-44811 -333171 3 1
811277 -392505 0 1
662476 -323362 2 1
-435965 601043 5 -1
-320747 149993 2 1
-512301 204393 3 1
-855819 201273 1093 1
-62195 119140 37 -1
-909416 -493851 31 1
-229803 156660 3 1
-86184 -913581 7 -1
-774971 -226675 0 -1
-689424 -768385 3 -1
778062 879863 2 -1
38388 825889 7 1
623889 141169 3301 1
-33968 -329988 193 1
157081 495125 2 1
-765548 -876020 43801 -1
970400 -583750 5 1
106208 -30787 2 -1
-78323 69611 2 1
-689279 -876538 2 1
-827375 -512101 6619 -1
263336 953349 3 -1
882951 929534 3 -1
-872279 27427 6367 -1
123844 -540694 3511 1
-896114 -381673 2 -1
592724 -30185 6037 1
-567138 896051 0 1
-91454 -725220 4157 1
-78 257897 3 -1
593529 791997 3 -1
988010 633577 98801 1
-382665 -295459 295459 1
99451 409388 7 1
-936065 502437 991 1
-215911 941352 2 1
-730352 -246536 30817 1
-351339 736710 1889 -1
761406 -175953 3 -1
-373787 974072 2 -1
-47501 -896472 47501 1
572688 535984 2 1
703656 517685 337 -1
814420 -84498 43 1
48100 -840552 3 1
874375 182768 11423 1
252176 -523347 0 1
223083 234452 3541 -1
404001 -230962 0 1
249576 -368746 7 -1
741263 749891 749891 -1
-940539 340044 659 1
163995 -645793 29 1
-75820 -245774 223 -1
-864710 602600 11 1
392863 -328765 1399 -1
263695 344619 23 -1
-321985 205708 5 -1
693996 355082 7 1
-160252 -311558 0 -1
849941 -311776 9743 1
-309452 313904 23 1
-775954 -900679 0 -1
890714 -449532 2 1
992923 141502 139 1
-549877 -795136 1553 -1
82869 646552 23 -1
-943997 773805 3917 1
-989086 211240 2 -1
469077 -266653 3191 -1
-802936 575786 2 -1
276412 986769 3 1
798881 -793521 2 1
-694506 -578711 47 -1
713251 -376650 2 1
-143467 416169 3 1
-270291 -268498 0 -1
-61394 825876 0 1
703038 211017 0 1
89295 443982 2 -1
-867397 -131612 867397 1
434113 -645653 2 1
-45942 837918 13 1
530353 -209156 0 1
735321 -250229 0 1
42524 -218426 10631 1
-735534 -332947 2 -1
962234 -725682 120947 -1
-850709 619677 389 -1
846902 -834660 3 1
-788672 113609 0 1
590592 496019 0 1
-486289 610457 2 1
-945875 -694729 61 1
-874813 486926 874813 1
545745 638110 11 -1
-237206 -485347 2 -1
282057 823705 0 1
-131950 -362969 0 -1
748706 836535 5 1
-972091 708910 5 1
-610966 84833 2 1
406912 214525 8581 -1
-399304 253532 37 -1
-562348 -388746 0 -1
-97153 -312795 331 1
926667 522624 3 -1
836041 981257 2 1
-898061 -769209 3 1
328419 -861253 0 1
924787 855703 29 1
-710325 387085 7 -1
130401 -813496 1667 -1
-255423 51433 12163 1
432777 641075 5 1
578279 623889 7 1
597 13949 37 -1
416625 682236 2 1
-142460 771126 2 1
-432360 815168 271 1
49702 -854007 3 1
581262 -392786 277 1
301330 896530 0 1
431901 -482151 3 1
-945042 751720 18793 1
495092 873689 873689 -1
141485 -352160 0 1
745048 -487984 93131 1
-618684 898452 43 1
224798 -481116 2 1
-845282 770792 11 -1
-416769 702739 31 -1
307322 999053 90823 -1
930985 427659 142553 1
-86956 -910340 23 -1
308852 401284 77213 1
692800 -450281 0 1
334928 185028 17 -1
297669 784527 2 1
696008 963894 3 -1
989704 -120567 0 1
982906 -763144 0 1
123633 -990763 241 1
-941445 51777 523 1
852237 708821 3 1
301847 163971 0 1
334396 -892931 2 1
987575 679405 17 -1
192711 199157 23 -1
951145 -754676 0 1
-847919 667738 2 1
464950 712095 29 1
-821040 659288 7 1
-117986 -411761 31 -1
-462247 -416067 331 -1
56252 -207625 41 1
358752 -489597 2 1
-879616 -586579 11971 1
-168382 754456 2 -1
-350923 -444161 0 -1
537599 -231056 2063 -1
720991 -216965 720991 1
591632 102736 2 1
271959 622613 622613 -1
128461 699651 2 1
948752 -682607 7 -1
565513 877849 2 1
768284 -529350 3529 -1
-242871 497409 1109 -1
896778 559724 11 1
-263295 -871663 13 -1
660636 -190025 2039 1
889194 649115 659 1
-166875 -494819 0 -1
-833248 663116 2 -1
255062 106179 73 1
-424356 -825709 0 -1
880018 -169795 29 1
316180 -763691 0 1
-218913 419775 2 -1
-314056 45412 37 -1
-695538 -242034 29 -1
939790 -126011 126011 -1
-171463 962095 5 -1
768543 -347288 0 1
743243 251189 3851 -1
-669024 -420889 7 1
383124 -706361 0 1
732 -896521 3 -1
-676992 -415835 3 1
-430512 917029 8969 1
-976780 -587855 0 -1
-855678 494750 1979 1
635914 -882414 2 -1
-638592 316574 3 -1
981212 302587 2 -1
558878 968497 0 1
-872848 42249 0 1
343725 216182 4583 1
652195 270972 13 -1
763303 -599073 2 -1
-558803 -284945 0 -1
495407 550976 11 -1
518902 -538803 3 1
-916259 -697486 916259 1
386011 601009 47 -1
281936 911564 263 1
519283 -433858 2 1
993057 485777 2 1
737216 94956 41 1
234688 -87275 193 -1
815860 777728 19 1
-32268 510833 0 1
248515 560448 23 -1
179064 -951060 829 1
756688 841494 47293 1
819385 -64221 21407 -1
106926 -243824 71 -1
-710308 522441 743 -1
142659 -725611 3 1
-543999 653951 149 -1
-527149 -585229 37 1
906411 -91452 0 1
-425254 -529236 61 -1
-610525 -174286 24421 1
128439 521269 2 1
264142 879125 132071 -1
-241165 -817754 5 1
-621278 728376 223 1
-855731 -203680 2 -1
-175801 -432037 107 1
638332 282891 2 -1
889329 -506423 0 1
541924 -806794 0 1
-135883 533362 11 1
-184564 906640 0 1
423556 -722254 7 1
-876489 -374223 19 1
-274109 215049 2 1
-685970 -582545 443 1
-383783 644223 214741 1
-957722 888380 478861 -1
-187477 859778 0 1
762148 967933 190537 1
-166134 589011 196337 1
857247 24416 109 1
-966359 -442255 17 -1
257363 -749365 2 -1
-474327 961596 3 1
349198 179857 4861 -1
733202 -828490 53 1
498933 -835371 17 1
-723564 -624161 199 1
-504392 -313842 2 -1
-734620 436386 257 1
-267505 -748985 919 1
859249 -449641 211 -1
888807 -434865 0 1
-920977 -854627 12037 -1
715833 783968 2 1
-835772 -849144 0 -1
-242467 -938825 5 1
-584837 -545379 107 1
796134 682250 132689 1
-373163 734722 5483 -1
889753 -250422 3 1
284277 -628309 7 1
-267004 843108 0 1
627234 682389 2 -1
216523 -407015 0 1
-58343 230937 41 1
890984 609554 2 -1
-223840 309203 241 1
182460 374171 3041 1
950700 -117332 3 1
536833 -305574 2 1
-198675 990778 0 1
-579382 930169 0 1
-513422 -766326 7 1
815567 -232315 0 1
848374 -922171 0 1
667393 -625947 211 -1
241527 414472 2 1
-140139 -780758 23 -1
-450649 284256 47 1
-601620 804089 0 1
-423694 -528756 3 -1
-516188 838545 0 1
-650734 -888595 4133 1
83952 -557875 11 1
-699859 880812 569 -1
-469421 579358 0 1
55361 -680935 8011 1
-647294 -304213 13 -1
704734 -247153 2 -1
798200 949490 2 1
190955 164422 0 1
-952101 -373349 2 -1
520381 742914 3 1
-685613 -903619 31 1
379217 -863038 0 1
537415 -818754 19 -1
-316665 -927287 227 -1
759567 763229 1237 1
956423 -480942 2 1
348085 -722335 73 -1
520354 598330 53 1
321756 -359072 7 1
693603 297767 4079 1
649649 -464442 2 1
710791 111820 0 1
-365423 -714602 2 1
571361 -817930 2633 1
255083 -793202 0 1
-381196 790946 0 1
18184 -313557 5501 1
-450713 538524 41 -1
-478989 454143 2 -1
-145807 97178 2 1
791661 -81821 383 -1
185133 159892 47 -1
-766286 -94147 3037 1
-420104 -848631 251 -1
-14729 937135 11 1
186289 195853 571 1
344160 709460 1867 1
-885004 -780707 2 1
-376937 -845418 7 -1
774690 -215054 5 1
775869 728203 7 -1
-613951 -461035 23 -1
-127590 120231 2 1
-765481 853435 11 1
-480841 891512 31 1
-645737 416712 2 1
-223002 -477859 0 -1
-927944 620546 310273 -1
-405751 -919924 229981 -1
-846611 -542577 47 -1
455168 895258 127 1
-453239 739781 0 1
309611 -646778 29399 -1
875624 -145565 5 1
-894168 -219107 0 -1
660089 -56816 0 1
-160153 733432 0 1
796392 -678663 0 1
994957 28509 239 1
70766 -629881 0 1
-330923 164283 0 1
-591893 892576 591893 -1
336158 876105 0 1
758272 -544122 3 1
-648348 179106 3 1
109355 -470421 7 1
403413 568 134471 1
869672 17297 2 1
297636 15918 17 -1
-717962 -280597 51283 1
897278 368714 0 1
80417 -107220 2 1
-108047 127033 0 1
-452713 842189 19 -1
-461513 911686 0 1
-633315 -63511 2 1
-344163 -844455 19 -1
214819 889823 1973 1
811630 -14986 2 1
979086 498740 11 1
-120695 430994 215497 1
-348426 481602 2 -1
-137236 -11543 0 -1
-385675 -520266 5 1
-175150 -947917 31 1
-29275 -814524 3 -1
184307 -620185 2 -1
854656 -181417 0 1
-726316 407148 1697 -1
627900 -949786 2 -1
-376451 687229 0 1
627963 935344 2 -1
-917032 915299 1451 1
-45530 193041 89 -1
921176 705206 503 1
-197666 112608 17 -1
-125530 4973 0 1
524898 274626 11 1
364907 727008 12583 -1
-466246 659488 0 1
453278 -796019 2 -1
303274 281297 0 1
-148878 -748799 2591 -1
39503 591501 71 1
-879102 -834815 103 -1
552495 213489 0 1
-119793 775886 547 1
-723488 416910 23 1
595431 -853789 29 -1
-651541 -527920 61 -1
939829 169851 0 1
-556468 405373 405373 1
-776633 -602178 3 1
-868193 304247 19 -1
74985 296404 3 1
461023 -585406 577 -1
-675251 -799558 0 -1
-38526 523594 673 1
67549 -178416 0 1
430639 -142925 5 1
718558 -98012 107 1
256271 610466 577 -1
-578175 -486400 19 -1
-203750 -959037 163 1
386793 -944966 11 1
306812 709383 2 -1
588276 99577 0 1
119945 -928283 23 -1
-98518 -69788 73 1
69296 352728 0 1
-297637 54473 47 1
576292 -999154 463 -1
305110 996182 45281 1
789466 -647028 3 1
-51605 401530 10321 -1
-454678 430722 3 1
-84115 692662 346331 1
352084 -667734 2 -1
600381 343445 2 1
-937538 544178 241 1
-52727 -275088 0 -1
576854 830287 0 1
-204591 39160 2 1
950895 -465156 2 -1
-313956 -850097 3 1
860134 -548586 3 1
296598 46005 3067 1
-754465 852156 5 1
-275384 675150 29 1
-957903 -112773 3847 1
-103500 297696 5 1
-351834 -342797 13 -1
-88704 -35363 35363 -1
-789207 971822 17 1
706871 825727 659 -1
724932 483321 31 1
629845 -616219 1223 -1
-258685 -388316 193 1
-568838 -295433 295433 -1
606355 7726 0 1
-130493 329655 3 1
-313984 -431895 28793 1
937854 323600 5 1
-420228 561425 17 -1
52868 -245633 0 1
-167832 -215367 7 1
516728 -31837 79 -1
953252 592632 3 1
-203139 -883911 859 1
-759787 -657119 7 -1
-247369 189241 13 -1
59145 -711863 2 1
-332646 261517 2539 1
-712415 149057 149057 -1
-564028 802696 37 1
-546788 246274 43 1
171497 -881807 317 1
211151 -695805 0 1
-406289 549927 13 1
-594626 50793 0 1
-856081 -878251 856081 -1
182203 -49051 26029 1
-63674 -876028 0 -1
508653 848609 2 1
-535429 -118351 569 1
186160 625520 1117 -1
191987 166398 0 1
-980351 -930316 2 1
-560451 -107601 13 -1
223956 405491 405491 -1
-376077 980930 3 -1
-24881 95705 139 -1
-846461 569072 7 1
-474158 -328963 0 -1
625162 625793 0 1
467611 75591 467611 -1
-915369 947733 0 1
-805505 480769 2 1
705126 854796 31 1
-302354 45522 3 1
-593933 -414956 457 -1
507153 -455169 2 1
-814742 -965893 773 1
-109236 -687819 9103 -1
889092 -23670 5 -1
-202495 -805136 5 1
-969717 741825 61 1
-899433 780019 2 -1
-485237 -772849 0 -1
59625 -126116 41 -1
-196393 -746380 2 1
-262467 -184894 9721 1
655648 -3954 659 -1
-590222 966408 295111 -1
370076 43523 71 1
772043 -966999 0 1
-271132 -302488 67783 -1
265738 343566 19087 -1
-68652 212096 2 -1
-858484 -959555 109 1
250493 -671454 10891 1
464811 -880780 3 -1
-736957 -193406 83 -1
453534 367482 73 -1
583213 393116 4273 1
-865524 769605 0 1
-47715 28672 2 1
-954885 -751774 3 -1
407489 -431577 79 -1
-849858 290713 719 -1
-19959 665898 0 1
952768 -855082 2 -1
190106 807232 37 1
822073 254788 883 1
858519 -660539 3533 1
-322466 709942 2 1
73135 -347057 347057 -1
753878 632140 0 1
-714884 -20051 0 -1
-461707 211108 593 1
194818 -883152 2 -1
-109995 187918 5 -1
301751 480451 480451 1
72652 -19844 2 -1
-263958 -453682 2 -1
436805 265474 439 -1
777374 -472650 1031 -1
-373139 -107051 2 1
382597 511199 39323 1
-429266 -711620 0 -1
-213804 478996 0 1
-161043 -682613 3 1
-385061 480805 0 1
-3807 763974 2 1
-948402 356162 37 -1
897430 842140 13 1
313730 -514670 0 1
188537 673514 0 1
70443 -835665 2 -1
-319663 721556 293 -1
-320630 42993 2 1
-922436 779525 0 1
-287773 -217393 9283 -1
-683879 -23089 7 1
983159 -446670 2 1
-78978 -526693 79 1
725447 288938 0 1
929910 615934 5 1
989127 -701800 0 1
-662653 30403 0 1
238426 551764 0 1
-238301 -848211 59 -1
-507625 -708818 31 1
516562 763062 0 1
-525295 -951378 5 -1
-896048 -293950 5879 1
627222 620371 0 1
301555 -599161 467 -1
830804 -108094 1229 1
485696 495098 229 -1
-506317 696088 7 1
662744 471569 0 1
-958046 -407495 5 1
202780 755505 10139 -1
-886276 162640 107 -1
837921 -564291 3 1
-871964 -932614 12823 -1
386035 375485 5 1
464696 -837110 0 1
-464709 -931575 0 -1
-158983 -42777 2 1
-727354 -989832 41243 1
-438945 328360 2 1
-878921 787843 167 -1
272396 915162 68099 1
373958 -740600 5 1
-532417 -663627 2 1
347834 -415009 2 1
-617446 151916 2 -1
-990096 882315 5 1
-878842 525951 3 1
814542 -773643 2 -1
-42248 -811227 5281 1
654649 -397253 28463 1
817302 883832 136217 -1
481201 31170 2 1
580760 317439 3919 -1
368416 -227415 5 1
-432065 -593992 7 -1
-528670 642230 0 1
279083 -59529 39869 -1
-559278 913888 10357 1
-975320 746785 659 -1
846708 900832 37 1
768764 -726436 181609 1
-838847 -907357 11 -1
-704647 816101 11 -1
-398313 -109568 107 1
-685721 211868 431 -1
-651051 744333 1093 1
-552247 -869828 0 -1
-624364 524870 0 1
-773666 961802 131 1
667065 -310222 59 -1
-268516 127868 67129 -1
-22024 -76874 2753 1
-504 158261 3 1
-818203 31819 10357 -1
395658 477578 0 1
-375820 765185 3559 1
-860791 -739917 2 1
-332089 98384 2 1
482939 -11881 2 -1
141129 -397965 5227 -1
-878350 -39158 2 -1
122483 569010 53 -1
-118470 79994 47 1
1804 -882723 3 1
-313694 299918 67 1
-257304 -840359 3 1
206009 -576887 0 1
-19802 309331 11 1
690539 -44897 19 -1
-697155 851295 5 1
-602430 558787 3 1
165339 -667111 0 1
-139386 -347257 13 1
-380543 761698 4817 -1
700562 510836 0 1
678650 170391 7 1
645296 -141538 70769 1
-526840 -583642 13171 -1
387732 -612463 3 -1
-362578 72789 2 -1
-238993 988747 10391 1
381302 -770981 2297 -1
-530119 910046 2 1
665971 -47241 29 -1
-903161 620850 7 -1
-733343 94783 2 1
-495571 867708 2 1
98540 551443 379 1
826131 430422 719 -1
931175 -919614 5 1
708326 932855 5 1
-291040 512196 2 1
-860478 564144 23 -1
76887 -977059 37 1
-321524 -160770 0 -1
-517699 880069 2 1
-293242 -175094 87547 -1
859603 -675721 2 -1
665259 134113 401 1
-977236 -800784 0 -1
-362370 193410 307 -1
717817 209504 2 1
724972 -54545 5 -1
179397 326722 11 1
-493445 708630 79 -1
321086 499653 3 1
171685 -39395 7879 1
284022 792041 31 -1
-755318 685607 37 1
811203 -624683 317 1
12368 -732877 0 1
79565 33571 5 1
205188 -307281 13 1
-596003 695486 11 -1
862937 -829397 53 1
567917 -994777 7 1
938968 -142324 117371 -1
-866088 600223 13 -1
72731 929779 53 1
-478138 64621 64621 1
346201 952695 2 1
-392390 -352185 53 -1
-377898 -940434 0 -1
269384 507071 0 1
949646 -288765 0 1
775957 -80520 2 -1
-318793 -214135 318793 1
678473 870396 0 1
-658785 845985 1187 1
-785237 -887996 113 -1
-186617 -683051 0 -1
288988 -848860 2 1
89124 819303 41 1
-362274 382592 7 1
833678 -150797 0 1
644752 -218527 218527 -1
-146286 -768958 3 -1
-729020 -669003 269 1
713969 27908 101 -1
-902589 80253 23 1
-355019 782043 0 1
411965 -631405 37 1
207887 520635 5 -1
-965065 320766 193013 1
292534 -21859 2 -1
88176 586078 3 1
-708052 -93576 177013 -1
-866301 -320273 288767 -1
181456 -926135 0 1
-987985 -617864 0 -1
767868 171049 2 1
741508 135876 13 1
859991 598471 2113 -1
896987 -659789 13 -1
402613 95515 7 1
-601657 -409200 7 -1
358538 682365 45491 1
284579 -419126 12373 -1
-494923 -938096 2 1
470817 -2307 0 1
-448767 -289696 823 1
447551 -853186 2 -1
-461736 391445 2 -1
-162673 722936 7 1
-146513 -712817 146513 -1
404071 976201 0 1
-904874 -579286 61 -1
-507747 340981 2 1
-515758 582137 0 1
583616 257213 67 -1
-198870 -208672 2 -1
353367 746936 71 1
-499630 -723279 2 1
192452 -221652 47 1
939335 359771 0 1
822180 430417 13 -1
570733 871595 0 1
667564 993223 12899 -1
959822 440346 113 1
-817276 83861 2 1
142311 83189 2029 1
618491 -224640 0 1
189168 996199 563 1
-531918 803302 2 -1
301725 933149 0 1
-256255 -615556 53 -1
-832038 798359 101 -1
162581 -234194 0 1
-156452 338308 39113 -1
-58610 -937393 5861 1
-207361 -209773 89 1
-592445 -271070 16927 -1
-191395 -91670 103 1
711735 262491 3 -1
-578602 -568905 3 -1
-318214 -642356 13 1
-335942 -121305 167971 1
-31651 45469 2 1
-304694 -941895 13 -1
-384987 797701 797701 1
733101 -440783 7 -1
286871 246480 2 1
36591 -953052 1847 1
922417 -84199 84199 1
920016 312831 34759 -1
934908 -488497 13 1
353922 -282459 3 -1
447823 -463137 2 -1
-286706 -983590 2 -1
-806816 -542460 2 1
-814797 5818 3 1
456207 -814347 41 1
22575 875218 0 1
-812188 502948 13 1
648463 55697 389 -1
362688 640370 5 -1
-466772 600115 61 1
241876 -387640 3557 -1
472897 -210511 29 1
-959750 -559667 11 -1
780485 77847 2 1
-841477 -427493 1321 1
294358 -631437 109 -1
-212038 770580 0 1
-624765 -664896 5 1
494841 671383 0 1
-962904 -485858 3 1
392084 -903524 2 1
63411 -960602 19 -1
-221297 402376 53 -1
-842657 -405785 2 -1
678547 -843950 71 1
-782901 992299 43 1
102115 -893922 0 1
236749 691519 236749 1
716902 123366 347 1
-194913 -821601 3 1
-951264 476999 11093 -1
-657902 168494 0 1
-34402 323245 13 1
818881 168330 3 1
742955 -881609 2 -1
20904 476818 0 1
64181 598736 13 -1
370826 -723072 7 1
443052 49249 397 -1
475407 627060 2 1
626395 -797635 7 1
-822261 -227840 89 1
116041 -799460 71 1
-378725 -458516 0 -1
989108 -65310 3 -1
632894 -609157 4457 -1
424705 -269854 5 1
-260172 -649057 2087 1
797160 -815931 0 1
-96958 524465 5 -1
-272349 506121 11 1
-631454 636809 157 1
87327 -542757 797 -1
-996095 423028 43 -1
557306 696364 0 1
-763586 414515 82903 1
-846733 651031 21001 1
89817 887522 7 1
-763073 -257386 2 -1
-168313 258670 37 1
942849 47588 104761 1
723248 -523281 0 1
883398 243385 3 1
353879 -368104 89 -1
-322746 -504979 3 -1
-564072 -326252 2 -1
97993 -660487 2 1
-969002 -331323 0 -1
-475103 -163218 11 1
-594244 230832 1117 -1
-57642 795992 3 -1
-96754 721438 2213 1
-842774 -363808 283 1
-217455 68989 7 1
763286 -46588 0 1
-602791 -156843 2 1
116410 -947790 3 1
-23306 -45157 2 1
-791004 425014 29 -1
530985 -56487 5 -1
866887 -410927 37357 -1
574758 463521 0 1
811511 191511 41 1
-571551 -586473 10289 -1
-518243 676827 4283 1
875179 -827832 43 1
526818 -361571 87803 1
-413533 -726670 413533 1
908495 36160 113 1
-278176 -292410 2 -1
596941 -523391 47581 -1
-899743 860768 37 -1
-598830 -456951 61 -1
28148 -235702 31 -1
236866 132589 2 -1
470217 -207703 3 -1
-497363 -730170 2 -1
959469 -581233 3 -1
-32477 898974 691 1
-77615 -836312 107 -1
-974245 372018 0 1
289383 989549 89959 1
-188813 888408 0 1
103800 -318934 7 1
-350972 -903173 53 1
-10327 -462853 23 -1
-19576 720458 2447 -1
384988 895483 2 -1
-693934 -108051 0 -1
-839079 -28760 2 1
506743 884810 0 1
298306 649052 162263 1
-850684 -45594 17 1
-288182 445582 0 1
-565926 182361 2 1
563319 622132 3 1
-963404 152380 19 -1
509818 143361 0 1
-663182 -60494 23 -1
-777114 724909 2 -1
-230491 -105109 83 -1
736258 -582386 0 1
835688 412092 2 1
804207 -222761 268069 1
986557 -560599 29 1
-835933 536668 0 1
-851124 -508629 19 1
-240904 -883704 30113 -1
-703582 400429 31981 1
-875946 236029 145991 1
827229 746523 3 -1
-550307 -700014 32371 -1
238947 178702 0 1
-252375 -815815 2 1
-945832 58159 19 1
-489492 963226 3 1
-901948 -272090 7 1
840867 429617 18679 1
184837 157978 2 -1
503267 973709 11 -1
-629855 -675461 0 -1
10385 -631172 31 1
-272835 -307117 3 -1
405993 -857965 61 -1
-544847 481591 11 1
-787469 -399223 2 1
-323706 -957418 3 -1
-518912 238350 7 -1
957557 -120228 43 -1
-214848 -758999 0 -1
613613 560405 19 -1
935281 -839419 37 -1
482445 -912425 71 -1
-8568 262973 17 -1
942825 494238 3 -1
-754462 78191 0 1
551372 -197927 449 1
-205061 -789912 3 1
-251239 -777847 7 -1
474853 -618495 0 1
907615 -295706 147853 1
388725 -618698 5 1
-339304 843404 0 1
-990407 -385752 503 1
-439856 474529 0 1
466104 -862988 17 1
-155065 -584095 2 1
698643 317389 11 -1
685646 -87645 5843 1
-632862 434034 0 1
218642 -528958 3623 1
178907 -334837 17623 -1
-274797 266672 2381 -1
-167794 140493 0 1
839454 535324 23 -1
-114555 896101 5 1
-286443 -701343 149 -1
-21020 -867157 5 -1
636839 -847925 0 1
-182386 -572413 0 -1
438261 -187741 0 1
527326 -382430 19 -1
423556 690642 37 -1
-862695 359710 2767 -1
327625 -604163 2 1
521125 -371013 3 1
15766 21272 2659 1
-564913 -591920 7 1
992826 -853170 3 1
83167 -84107 7 -1
-686131 494861 0 1
130765 946684 5 1
443215 718110 5 1
781621 -48014 6917 -1
519137 427625 2 1
641109 -403835 2 1
965956 673137 0 1
-45884 642770 5 1
-481110 415896 0 1
718489 477446 238723 -1
-350787 -254397 13 -1
138547 690172 0 1
716247 917944 7 -1
381842 543076 190921 -1
964021 -111564 964021 -1
817995 -902724 3 -1
-248179 -417657 2 1
-434718 59749 0 1
-327063 -849491 17 1
-95853 -738966 89 1
416880 588698 26759 -1
402582 -569829 0 1
-141188 -496230 2 1
-511728 435951 0 1
638129 513724 2 1
818565 808116 2 1
116549 -649625 0 1
-329339 -677996 0 -1
-866433 692050 0 1
704259 982062 54559 -1
-26923 -843966 109 1
-286356 244339 3 1
973593 -503504 337 1
-433455 761250 11 -1
394745 361672 13 1
-650581 -662085 3 1
-76160 208703 17 -1
-160054 -365441 0 -1
-557275 893179 127597 -1
-506859 711309 1579 -1
689967 -476804 2473 -1
261523 526086 2 1
-465744 -964053 313 1
785269 654488 0 1
-84765 -979677 2 -1
629643 -212291 29983 -1
-338635 -939257 0 -1
944041 740938 7 1
365008 -50722 7 1
469591 253286 29 1
-408154 -154516 2 1
63356 515800 2 -1
-848666 -812336 0 -1
-211223 -825448 19 1
287255 -934985 2791 -1
520361 994377 2 1
654188 -90404 67 -1
-691177 -398309 43 -1
329955 592052 148013 1
43958 81152 709 -1
273776 -713645 71 -1
278839 -174949 137 1
-173042 766459 31 -1
232584 466114 3 1
-594491 581461 467 -1
677452 693480 5779 1
692023 780935 127 -1
-405091 926116 2 1
-524574 -567559 0 -1
-978402 -796380 5623 -1
410868 257728 113 1
720539 229198 114599 1
-812306 32819 887 -1
582443 354164 0 1
535064 796532 0 1
-866219 178805 3251 1
674851 -771240 0 1
509461 202261 757 1
-304186 301820 0 1
-900453 294038 2 1
856180 -500767 13 -1
727421 -561795 67 -1
398830 884782 17 -1
-62623 -467709 14173 -1
434482 965785 0 1
-573486 -233760 3 1
-101889 -702436 0 -1
-490749 899287 0 1
792357 -292944 3 -1
-27429 -610376 3 1
315835 34362 23 -1
-505300 290210 29021 -1
25776 380596 0 1
-571651 -182933 182933 -1
280582 -677553 2647 -1
389656 78658 2 -1
410697 875956 7 1
-526115 168111 139 -1
-932295 -237302 9127 1
960992 -203213 59 -1
-940780 602311 602311 -1
955394 428413 11 -1
228945 164024 5 1
-540658 -565103 0 -1
744764 -218302 31 1
580194 770110 5 1
613601 -436771 2 1
884645 317244 26437 1
795535 417693 12239 1
406893 -361396 5897 1
-892093 686641 2 1
-795798 -521297 0 -1
628502 -553915 797 -1
554548 297283 6067 -1
-521677 543230 40129 1
119655 170441 5 1
-798023 -433395 2 1
803189 743030 5 1
440638 991999 20029 1
651680 210589 839 -1
133967 -974791 1871 1
-774389 -73305 89 -1
-26979 -801784 53 -1
-225222 -121450 5 1
951114 491821 3 1
-473341 756648 11 -1
61741 -596422 2129 -1
852576 -48757 0 1
372101 -820630 5 1
575571 -615381 31 1
918677 443277 49253 1
406455 859439 7 -1
927090 879576 3 -1
-490489 -445500 3 1
-518691 -677612 83 1
114030 141898 2 -1
-976976 -227464 2 1
887036 -668629 2707 -1
400588 -481746 43 -1
-998147 304880 998147 1
291788 124302 0 1
613800 839213 10111 -1
80324 860269 113 -1
368238 168469 41 -1
-515122 -598192 2 -1
-666539 168211 2 1
-8732 -48524 0 -1
698590 61740 2 1
969844 -353109 0 1
-580203 -136501 19 -1
-536341 -651338 17 1
724140 -680876 7 1
153131 657736 0 1
-639457 -247618 7 1
-839653 -962726 0 -1
664440 -370233 7 1
-751547 565643 3347 1
-237945 436635 313 -1
-97134 61626 10271 -1
971148 -581267 30593 -1
-41870 300513 0 1
219813 -17558 6661 1
-142732 -445231 0 -1
738334 -629701 2 1
-708536 504783 3 1
677139 -225924 3 1
-846905 231854 5 1
-349611 -766070 5 1
-202827 758071 3 1
576180 308775 5 1
-709577 -610982 7451 1
-269796 382106 2 1
666999 -278716 2003 1
311711 -63014 311711 -1
-264481 -490174 37783 -1
-537872 820358 7 1
361669 -738598 7 -1
319577 -850523 319577 1
-329425 148908 5 1
-538207 448852 112213 1
743884 -99616 0 1
-247552 249130 3559 1
-363150 984244 5 1
-647569 821064 2 1
88177 46368 3 1
685917 359693 3 1
-467489 -680272 0 -1
779067 -955393 107 1
-643666 -575750 47 -1
958735 554737 89 -1
-961738 661659 2 1
-988320 792017 2 1
-933261 -614194 0 -1
681194 880558 7 -1
202332 306210 0 1
-374597 971842 37 1
1200 -339048 5 1
897126 14902 7451 -1
477092 820043 7 -1
794178 970706 7 1
998312 755360 5 -1
-311787 975996 0 1
93704 524162 17 1
93227 478983 2 -1
968065 587772 0 1
380756 -113589 3 -1
-970912 84239 2 -1
110003 587141 0 1
-989364 575143 18553 -1
-635239 -207436 43 -1
-711630 568046 7907 1
222977 -104771 0 1
510037 582566 11 -1
-293752 452104 73 -1
-289256 340918 2 -1
953640 -652750 5 1
-835362 260820 0 1
-706504 793048 1879 -1
171242 -950767 53 1
524397 -771178 3 -1
232958 -531106 10589 -1
-127447 -480086 0 -1
141885 528269 1051 -1
822680 -866627 0 1
785013 874008 23 1
-489367 -572670 3 1
-700467 -662791 3 -1
-886972 656467 2 1
-179026 -344416 0 -1
-281926 -915019 7 -1
658516 -136322 2 -1
-318941 986743 89 -1
-641335 -52157 7451 -1
328727 864969 151 -1
-180425 698136 1531 1
845037 224121 74707 1
-235403 670530 3 1
-761491 578625 5 1
533120 -660508 7 1
81160 -119198 557 -1
843407 309909 229 -1
-607604 -46083 151901 -1
75349 169846 521 1
-310716 624585 13 1
-378000 -152292 5 -1
675260 -117518 2 1
935856 -95046 73 1
-222491 -228158 271 -1
-940783 519037 0 1
749875 27718 5 -1
629836 614927 2 -1
968586 -461137 4363 1
-260074 -982556 109 -1
6919 547936 0 1
-419377 -244751 2 1
857953 -848142 0 1
-9907 20535 9907 1
386828 -681389 13 -1
-206642 46103 46103 1
297924 -846375 0 1
19690 654882 0 1
448335 118452 0 1
19080 -511447 511447 1
-499557 429358 3 1
199769 79725 5 1
-329162 991675 0 1
-639408 -557375 11 -1
-832102 5157 3 -1
557343 -429923 0 1
427959 609633 0 1
823523 601156 2 1
-351301 526018 263009 1
437765 166243 127 -1
-366800 -473906 5 1
744412 229859 0 1
-620030 626320 0 1
-549320 784029 443 -1
-817093 -647978 2 1
481815 -828973 3 -1
914334 -61734 152389 -1
579162 -886901 0 1
-679833 -612914 2 -1
278882 -703282 2 1
-372218 -398864 2 -1
131143 306494 131143 -1
-932109 -37286 157 -1
115645 201619 229 1
213907 -842170 523 1
-138366 -582591 194197 1
526091 -964135 19 1
208798 271444 2 -1
422731 668134 1171 1
-823849 625645 0 1
-520720 11073 3691 -1
625204 359614 149 -1
354064 -636676 22129 1
-929238 215602 2 -1
-697513 179672 697513 -1
-810801 -369257 29 -1
201169 553482 2 1
-153336 -914371 3 -1
-198406 -33793 47 1
455808 160780 1187 1
472524 -195972 233 1
325611 381017 0 1
865185 -639307 5 -1
-384217 -531614 0 -1
986317 48375 613 -1
-408702 221747 0 1
-9975 608879 23 1
-343247 -388450 331 1
143260 -929596 0 1
568186 336615 5 1
-238056 373053 3 -1
688470 -678611 3 1
617316 786162 13 -1
-993707 -264809 6949 -1
-635154 180538 0 1
880995 678174 58733 -1
-36813 -95782 83 -1
-447246 -123491 2 -1
-283267 -213538 2 -1
-767813 -562757 13 -1
-262797 -340260 3 -1
117962 566261 349 -1
-656440 -652914 113 -1
-648200 -715233 2 -1
-314831 -73866 2 1
-336669 253255 5 1
376218 -437156 3 1
-631875 315191 3 -1
-982922 -937230 2 -1
-831412 791963 0 1
314606 210842 2243 1
462485 -864447 3 -1
-129147 360749 43049 1
178915 531200 3253 1
-817810 303010 5 1
-181570 939326 2 -1
-233936 -59766 3 1
340620 256616 32077 1
903076 -270272 41 1
-314427 -452138 163 1
755005 804536 0 1
49352 427741 31 -1
-816379 -855713 28151 1
436073 141870 0 1
-551977 -769182 103 -1
627218 -585467 0 1
-522358 660782 17389 1
348019 330064 2 1
459115 582137 0 1
148754 -839801 0 1
455106 545930 7 1
525661 -496503 3 1
-359 879492 2 1
-340503 197573 197573 -1
-400672 552581 19 1
342932 400476 0 1
-587162 -885492 911 -1
-903789 995978 3 1
-176789 -572730 5 1
950306 911 7 1
105074 -44368 47 -1
39934 559816 127 -1
-675344 279243 0 1
616619 -486032 1777 -1
219904 -423378 2 1
204335 555969 3 -1
403456 824290 2659 1
487495 511150 97499 1
-954936 -935520 0 -1
-779068 468023 194767 1
45049 260416 19 -1
-834705 157081 2 1
654497 -796040 7 1
400582 -206395 5 -1
901216 722258 1511 -1
-590777 -608693 1249 -1
823353 -813625 274451 -1
909327 838872 61 -1
755828 185035 188957 -1
-47892 428239 2 -1
487198 907390 11 -1
-805600 738706 0 1
374832 601957 2 1
642225 -926566 3 -1
-366928 -497543 71 1
180945 934786 227 1
-542145 43172 3 -1
-975195 163410 1667 1
-788273 12487 12487 -1
564485 -142996 2 1
379411 -29631 19 1
364591 944492 2 -1
981882 -145381 11 -1
-148647 -251169 2 1
-544473 224351 3 1
-748855 863891 739 1
-990213 781766 2 1
509522 -682984 13 1
-558505 -332379 2 1
-948268 -385761 3 -1
744327 179153 0 1
906532 457796 2 1
-162423 472167 3 1
-104177 -378508 13 -1
322750 -377211 0 1
-609451 167080 4177 1
850299 744871 2 -1
-348815 96094 23 1
328253 462909 2 1
-490358 190052 11 1
588375 895685 157 -1
735388 878734 157 -1
-308015 -263357 61603 1
-49007 162532 0 1
534254 -407783 7 1
-681510 129631 2 1
676311 548629 17 -1
810877 573577 13339 -1
975371 62053 2 1
541771 -573930 7 -1
599638 623896 13 -1
729031 398092 2 -1
-262230 953723 5 -1
-686662 890747 29 -1
695634 -165176 2 1
-840825 584737 5 1
-464405 528977 5 -1
670229 944334 7 -1
355047 -117733 3 -1
-128468 66599 0 1
270943 805339 0 1
-977341 -659405 2 -1
226596 -782600 821 1
246774 335295 3739 1
720788 39878 0 1
-56949 -47632 13 1
152916 467583 155861 -1
-996061 643756 23 1
171544 -324226 0 1
-640679 -543544 0 -1
-300217 -4493 907 -1
-245809 508578 2 1
-234117 -603066 0 -1
-798988 -783810 5 -1
-399376 -44738 229 1
482066 413439 13 1
-164510 393243 6899 1
503692 -859152 2557 1
-287710 100863 5 -1
-835011 -530189 157 -1
-103918 34538 2 -1
278912 -329708 0 1
54141 -599782 2 -1
365169 276127 2 1
142539 -490483 47513 1
498437 -531398 41 -1
-651421 100925 1933 -1
31949 850685 5 1
-534715 -127997 229 1
30953 714027 2381 1
-697481 -998552 697481 1
45844 -265704 157 -1
711477 -681732 13 1
-427076 626641 13 -1
-373443 810316 17783 -1
754081 345038 2 1
-613234 46686 0 1
-292435 -700123 409 1
-378582 654666 109111 1
-379835 -39296 307 -1
281367 731960 3 -1
899637 96084 0 1
935347 -830134 7 -1
-514458 -696880 3 -1
558048 -397995 0 1
774247 -290103 271 1
37295 100057 0 1
673531 861230 1213 -1
107288 486371 2 1
589930 55688 2 -1
-57409 -115157 11 -1
-510807 -930155 673 1
-563321 968425 38737 -1
-525974 -665507 2 -1
950736 682053 29 -1
251713 -546445 7 1
-697276 211900 13 -1
135523 -581332 103 -1
-954300 991442 5 1
-308514 -646403 0 -1
210969 370016 11 1
-294401 633563 3121 1
437757 315239 0 1
409393 915806 19 1
-900391 -834705 0 -1
816766 -952497 0 1
-809877 -495488 3 1
-484501 94615 127 1
180790 302291 101 -1
-270728 556064 0 1
160021 731553 9413 1
-89824 228226 401 1
997768 32722 0 1
505157 -245971 11 1
-391352 -938872 2 1
562762 974359 974359 -1
-131676 -147914 2 1
-522115 633333 5 -1
-972763 -23661 0 -1
596605 -306898 153449 -1
-577781 -36562 577781 1
-253442 541749 0 1
989812 -767380 353 1
-696431 -751985 563 1
-829461 422535 276487 1
-879810 84655 29327 -1
-643937 -644280 2 1
-704273 -945959 0 -1
-688897 910099 910099 -1
985886 -690801 0 1
-75789 -17970 7 -1
-712403 315998 0 1
-505156 -595844 148961 1
922027 173075 23 1
384709 -473045 13 1
-979918 -651497 8461 1
69964 586488 3 1
-543035 220387 0 1
667357 684103 97729 1
-236141 -431910 23 -1
-571696 -804712 97 1
732890 222501 3 -1
-146245 975390 3 -1
-564915 328994 2897 -1
717816 -813025 11 -1
-403064 -677106 2 1
687309 156271 0 1
-169804 -450023 53 -1
-268483 -921775 5 1
532266 910930 19 -1
289993 -683922 3677 1
954264 -3903 2 1
-161217 -62920 5 -1
-576061 205905 19 -1
-941653 98773 0 1
481147 369799 31 -1
877746 907073 907073 1
-145862 -977322 72931 -1
916127 -191869 0 1
570365 371133 0 1
158463 936498 5869 1
-255701 82432 7 1
308300 166468 41617 1
-253145 191125 257 -1
-113814 -171034 2 1
-269315 944315 188863 1
559520 -285307 5 -1
-914542 442405 3847 -1
666078 -751317 269 1
-424584 -255233 23203 1
-439998 32041 179 1
-959411 565833 0 1
-567809 -658283 28621 -1
-943238 219387 0 1
214525 672518 0 1
443699 -417608 281 -1
-557432 266416 59 -1
-365429 -956118 2 -1
-872100 -814409 3 1
778491 976689 37 1
595328 -670638 2 -1
887921 -782721 887921 1
-598171 -103443 2 1
442460 867599 10453 1
-992048 -869777 2 1
181919 -457988 1877 1
-120351 -585060 521 -1
370347 347420 123449 -1
-500780 -362390 73 1
-68328 -216034 2 1
-884463 973934 0 1
42206 -142804 47 -1
533681 380734 31393 -1
-851591 -617105 2 1
-323711 -232307 2 1
835726 855587 29 1
623395 465884 0 1
-913918 -351273 2 1
134948 -827179 11 -1
478218 176226 3 1
474021 306422 3 1
-706001 122547 706001 -1
91385 -847603 683 -1
823048 -44 11 -1
-80155 173874 0 1
-187333 -746816 6043 1
617951 -460358 0 1
514146 -624606 5479 1
-751960 598497 11 1
-206892 426305 5 -1
-531808 -668805 44587 1
75430 650232 19 -1
-917181 -140504 1009 1
-520128 -865060 0 -1
963027 133290 1481 -1
-154479 57015 233 -1
-755629 134781 3 -1
-539596 725629 2 1
-996535 61658 30829 -1
290469 -482586 269 1
175397 -502171 502171 1
742795 535904 16747 -1
-547104 768366 31 -1
-219512 2468 1193 1
-230579 -133320 3 1
134760 478037 1453 1
-100543 -70705 5 -1
-953061 412893 163 1
15991 896478 3 1
441824 -187589 0 1
-543274 -774875 2 -1
-726719 919532 0 1
652741 108308 2 1
36081 915510 211 -1
-163172 -333563 19 1
-266265 196802 61 1
-114041 -150939 2 1
-319258 -10200 5 1
600501 162400 5 1
-531093 312804 2 1
473577 895207 13 1
218885 241455 0 1
-825500 -74835 3 1
-718644 768972 3 1
668451 -184740 229 -1
644096 -752578 659 1
-887984 355976 23 -1
-771546 282525 2 -1
-932793 -594173 1619 -1
254057 -342977 0 1
-108946 -408107 337 1
979709 -127907 979709 -1
727022 701545 17 -1
720445 295952 2 1
-16999 986842 191 1
-421449 -504448 61 1
516315 -305237 2 -1
-252423 -477699 159233 -1
820240 -544170 97 1
-381814 -787551 2 1
837490 629496 1249 -1
522359 -332337 47 1
637741 -483716 13 1
348241 -446304 3 1
442988 543456 13 1
-257322 321860 3 -1
122058 812325 2 -1
337383 -233588 3 1
-462849 -358746 59791 1
-997171 -107635 5 1
384505 -283280 11 1
-408049 -751410 11 1
-623271 -727391 17 -1
-625596 278103 0 1
328007 -912807 2 1
-613912 -818980 0 -1
985993 92547 7 1
-631749 -188983 2 1
-749755 281629 6869 -1
-695424 -857682 0 -1
-21401 -900133 17 1
-210773 -455347 210773 -1
904359 -568943 2 1
-88700 284665 887 1
-758919 585179 3 -1
216738 300625 12041 1
236936 7236 0 1
-536803 -390476 2 1
363145 801003 3 1
-493223 834670 23 1
707397 724430 29 -1
-286737 -973329 46349 1
-576083 -118591 97 -1
-830316 940338 439 -1
650063 -935645 5 -1
719257 -757319 7 1
686224 439704 0 1
132551 -5606 2 1
-91223 190772 1289 -1
408922 -59480 2 1
810265 271493 5 -1
452049 -884894 13 1
490805 -324814 37 1
-78504 -784101 3 1
-162939 -512352 2 -1
669025 446692 0 1
384416 -910069 2 -1
-327377 39173 2 1
604565 826373 2341 -1
-122622 -254859 7723 1
936248 512756 128189 1
181563 -818705 163741 1
759046 387420 5 1
-105897 -407069 0 -1
-554094 -707431 707431 -1
730862 -992154 137 -1
176137 412377 13 1
51400 10188 2 -1
8109 186754 0 1
150728 -303223 89 -1
346952 250308 1399 1
553223 862352 11 -1
478799 -615987 2 1
687431 316519 0 1
955052 404463 2 -1
889249 448705 41 1
-943747 -273709 4649 1
117597 -135450 7 1
