84 -29892038467340206080000 1 -24514336 -6 -10 1
84 -2248686030846689280000 1 -24514336 -6 -10 1
13 -819942649900992364032 1 -35009227 -13 -18 1
2541 -71521283978322672918251520000 1 -306777240 -21 -30 1
636 -22767733506657484800000 1 -53106184 -6 -10 1
140 -50837760000000 1 -29420 -3 -5 1
132 -3574764489168000000 1 -29420 -3 -5 1
1155 -86440319203489361510400 1 -119016456 -26 -11 1
31 -2230138552320 1 -5415 -1 -3 1
34 -1115031847680 1 -5415 -1 -3 1
19 -235799424000 1 -5415 -1 -3 1
31 -5378173148160 1 -5415 -1 -3 1
16 -31627065600 1 -5415 -1 -3 1
31 -241159182336000 1 -5415 -1 -3 1
181 -1695689450014113792 1 -1206352 -18 -1 1
486 -2701942155726815232000 1 -258368 -22 -2 1
206 -2385319401797713920 1 -258368 -22 -2 1
84 -162309897072892968960 1 -258368 -22 -2 1
836 -257741150555291510888202240 1 -624960 -12 -14 1
740 -592089532560853843732070400 1 -624960 -12 -14 1
4110 -4876390072462230374400000000000000 1 -14750173980 -30 -15 1
4110 -3087878693004632505600000000000 1 -14750173980 -30 -15 1
15 -286654464000 1 -6000 -1 -3 1
25 -1906384896000 1 -6000 -1 -3 1
40 -21341159424000 1 -6000 -1 -3 1
1844 -279829489409222017735773388800 1 -14601600 -11 -18 1
1800 -421495766159548565422080000 1 -14601600 -11 -18 1
803 -143399424816563318842982400 1 -14601600 -11 -18 1
5 -39813120 1 -30 -1 -1 1
5 -61931520 1 -30 -1 -1 1
5 -122880 1 -30 -1 -1 1
219 -137083689144667865088000 1 -7206960 -3 -12 1
171 -147592546173824532480 1 -7206960 -3 -12 1
29 -4803088151347200 1 -43472 -2 -3 1
558 -23641471691636916782432768 1 -64844302 -7 -19 1
147 -1094819373415091404800 1 -1913475 -9 -3 1
176 -1083766621266247680 1 -122880 -2 -8 1
176 -5066549580791808000 1 -122880 -2 -8 1
584 -108262048740370270100159201280 1 -15175680 -8 -16 1
279 -141978930627378649190400 1 -9030063 -21 -3 1
306 -10283643241811568230400 1 -1760800 -4 -18 1
174 -204477453331070976000 1 -25321984 -6 -10 1
2209 -88810720748809113600000000 1 -508386900 -21 -25 1
2727 -11619793971446704402692833280000000000 1 -6299504128 -27 -25 1
261 -868269884674164129792000 1 -4290820 -4 -9 1
9 -373607247318220800 1 -4290820 -4 -9 1
349 -5963622405237964800 1 -4290820 -4 -9 1
4 -32799538859212800 1 -4290820 -4 -9 1
261 -77706053393249165967360 1 -4290820 -4 -9 1
121 -187089594638539161600 1 -4290820 -4 -9 1
92 -41280359900774400 1 -9450 -1 -7 1
39 -353794026700800 1 -9450 -1 -7 1
86 -196784098352824320 1 -630552 -2 -13 1
86 -24856078637617643520 1 -630552 -2 -13 1
26 -10770967409634312192 1 -630552 -2 -13 1
9 -88190066518088465664000 1 -592796814 -15 -9 1
15 -283616888207844326400000 1 -592796814 -15 -9 1
591 -1497554521067716987987865664000 1 -592796814 -15 -9 1
9 -1717862400 1 -1165 -1 -1 1
9 -1222784000 1 -1165 -1 -1 1
14 -27915264000 1 -1165 -1 -1 1
14 -15632547840 1 -1165 -1 -1 1
272 -2561910875829043200000000 1 -83899200 -25 -8 1
450 -48327345591484608000000 1 -259409651 -11 -30 1
135 -629984488062976000000000 1 -38401280 -10 -5 1
90 -15925778841600000000 1 -38401280 -10 -5 1
535 -116866904201625600000000 1 -38401280 -10 -5 1
1589 -109694887500667058944534462464 1 -758695448 -29 -13 1
335 -1026233906080082918400000 1 -2442488 -5 -7 1
84 -73459130890715136 1 -372928 -3 -4 1
360 -24333143719746207744 1 -1212944 -18 -2 1
200 -372582487634755977216 1 -1212944 -18 -2 1
162 -6843696671178620928 1 -1212944 -18 -2 1
33 -1493649779828937984 1 -1505927 -3 -11 1
380 -1482255603425459691935760384 1 -188295516 -16 -19 1
283 -74808576224848307552256 1 -16272384 -3 -16 1
283 -1461461806590443126784 1 -16272384 -3 -16 1
107 -5139757789632000000 1 -49680 -3 -5 1
29 -418436738868022883646308352 1 -34902020736 -27 -29 1
51 -2466502410240 1 -1760 -2 -3 1
51 -11893026167193600 1 -1760 -2 -3 1
84 -12587315452968960 1 -1760 -2 -3 1
29 -3153199104000 1 -1760 -2 -3 1
693 -1421546381558913257113190400 1 -96251350 -17 -26 1
1811 -796220991619110378516912537600 1 -96251350 -17 -26 1
829 -254542858587023467499071488000 1 -96251350 -17 -26 1
302 -4052900688982875333512396800 1 -96251350 -17 -26 1
22 -1984260096 1 -637 -1 -1 1
13 -992130048 1 -637 -1 -1 1
14 -782745600 1 -637 -1 -1 1
14 -423987200 1 -637 -1 -1 1
381 -663712274021744640000 1 -39380 -5 -14 1
353 -42926473958030435155968 1 -12792 -2 -13 1
116 -3493589940334655176704 1 -6962036 -19 -2 1
138 -505766460688342135603200 1 -13235200 -6 -22 1
125 -542115787500000000000 1 -5853750 -21 -5 1
1074 -2112677371089331200000000 1 -5853750 -21 -5 1
1074 -76177440950839363800000000 1 -5853750 -21 -5 1
806 -769857348631002018034752000 1 -43251988 -13 -13 1
1573 -174603685894904147179304927232 1 -43251988 -13 -13 1
169 -198217312362847796470546432 1 -43251988 -13 -13 1
1573 -213240177198051845410816 1 -43251988 -13 -13 1
441 -194593816727468424953856 1 -1760337 -17 -4 1
441 -902223814947240148992000 1 -1760337 -17 -4 1
33 -77083499077042176 1 -1760337 -17 -4 1
441 -508480340385131988516864 1 -1760337 -17 -4 1
44 -16993884876812845056 1 -602352 -3 -11 1
198 -287104012346283628953600 1 -27561600 -24 -6 1
726 -643097697042708194918400000 1 -27561600 -24 -6 1
78 -179771754471728054272 1 -676151 -2 -13 1
117 -50049483100992700416 1 -676151 -2 -13 1
14 -63686246400 1 -360 -1 -1 1
14 -373800960 1 -360 -1 -1 1
14 -52531200 1 -360 -1 -1 1
29 -11784730547997868032 1 -12816144 -3 -26 1
116 -35972310025226944512 1 -12816144 -3 -26 1
143 -11696580869129020440576 1 -2718792 -2 -13 1
78 -4957720257926797590528 1 -2718792 -2 -13 1
608 -174587678385007163867136 1 -6487572 -16 -4 1
2 -884736 1 -36 -1 -1 1
17 -199360512 1 -36 -1 -1 1
138 -32980822280681142878208 1 -1429756 -4 -6 1
11 -681384960 1 -186 -1 -1 1
125 -18499992595660800000000000 1 -32508000 -5 -20 1
405 -10785374208000000000000000 1 -32508000 -5 -20 1
125 -5634708903936000000000000 1 -32508000 -5 -20 1
15 -169333286400000000 1 -193568 -3 -5 1
49 -36154942615440000000000 1 -138333879 -25 -6 1
1412 -100216186283700120453120000 1 -44766720 -28 -10 1
2588 -3798671514265259606016000000 1 -44766720 -28 -10 1
5 -266989824000000 1 -46208 -3 -5 1
55 -726413616798679040000 1 -34882568 -5 -7 1
564 -2012603321084415049728000 1 -6593536 -6 -10 1
19 -3857891328000000 1 -310080 -4 -15 1
1625 -162294978732129725913999360000 1 -18032976 -13 -13 1
150 -2710326501788178783928320 1 -46520070 -6 -16 1
454 -139603655792737124352000 1 -46520070 -6 -16 1
400 -3357980963311660628988395520 1 -46520070 -6 -16 1
113 -66893188055040000 1 -7520 -2 -5 1
47 -587492720640000 1 -7520 -2 -5 1
339 -303881329490896591257600 1 -762972 -28 -3 1
124 -3793467421809967104 1 -762972 -28 -3 1
2233 -941281281859017692016720048439296 1 -4618135854 -29 -19 1
2465 -136934685183266304320197361664 1 -4618135854 -29 -19 1
41 -371781881856000 1 -24500 -2 -3 1
3500 -299122353253801468030058496000 1 -10919740685 -28 -29 1
4972 -243280008221773422772224000000 1 -61544772 -22 -25 1
49 -772422841600000 1 -143509 -5 -1 1
9 -3903444800000 1 -143509 -5 -1 1
41 -10759198078592000 1 -143509 -5 -1 1
14 -53790041403392 1 -111623 -1 -7 1
9 -14229504000 1 -6948 -1 -1 1
9 -222336000 1 -6948 -1 -1 1
725 -6432177569981104434167414784 1 -60461056 -29 -16 1
509 -9709138155443371048117280440320 1 -60461056 -29 -16 1
4205 -3340241013361340113785143357865984 1 -60461056 -29 -16 1
39 -93046572343296000000 1 -13500 -2 -13 1
296 -36525036034280279174755123200 1 -171916800 -22 -8 1
336 -468447903490009874615500800 1 -171916800 -22 -8 1
1638 -22974313048921723126992076800 1 -171916800 -22 -8 1
1199 -38817592685162685149184000000 1 -1910703444 -11 -25 1
416 -969083066096981434368000 1 -3874640 -9 -11 1
234 -85247315762223605760000 1 -3874640 -9 -11 1
999 -17961574349900611584000 1 -3874640 -9 -11 1
154 -15167228915220480000 1 -354144 -6 -10 1
87 -196375216128000000 1 -13440 -5 -7 1
320 -8700932653056000000 1 -13440 -5 -7 1
56 -78181826560000 1 -18640 -4 -1 1
56 -6352273408000 1 -18640 -4 -1 1
25 -6489702400000 1 -18640 -4 -1 1
49 -2393145711001600 1 -18640 -4 -1 1
320 -4485850133954560000000000 1 -4988968 -5 -7 1
236 -16051560891340113838080 1 -132840 -8 -4 1
164 -1694514063133900800 1 -132840 -8 -4 1
64 -3249815523101245440 1 -132840 -8 -4 1
1244 -16091993947861608815001600 1 -35188608 -7 -19 1
16 -167443775751196672 1 -101311 -1 -7 1
100 -2532878307160621056 1 -101311 -1 -7 1
18 -163613692368896 1 -101311 -1 -7 1
92 -26556231637598208 1 -101311 -1 -7 1
44 -12335408332800 1 -11865 -1 -7 1
97 -618599905075071549440000 1 -1341440 -5 -23 1
1127 -1043194708886358939402240000 1 -1341440 -5 -23 1
1127 -62835442092280381440000 1 -1341440 -5 -23 1
712 -5453248206189814087680000 1 -1341440 -5 -23 1
117 -6908925023995985651249971200 1 -325778400 -21 -24 1
4716 -85726489892611390748711976960000 1 -325778400 -21 -24 1
234 -78929617347635281920 1 -40733 -3 -11 1
146 -16962678823488862464 1 -40733 -3 -11 1
159 -12691939453717708800 1 -40733 -3 -11 1
5169 -7635083927675618164208149604711006208 1 -2970986928 -21 -26 1
761 -707702395324933735611236352 1 -2970986928 -21 -26 1
246 -84287560257534160797696 1 -1523576 -8 -6 1
134 -898546218930788106240 1 -1523576 -8 -6 1
48 -85866550717958848512 1 -1523576 -8 -6 1
1148 -4496705011160155422720000 1 -967680 -12 -20 1
2252 -1635045511646391828480000 1 -967680 -12 -20 1
972 -604438409920364654100480000 1 -967680 -12 -20 1
219 -21164849618376105230598144 1 -13243276 -16 -3 1
579 -227510764452704882471731200 1 -13243276 -16 -3 1
4596 -8971831513348386267856896000000000 1 -20859200 -20 -24 1
276 -3041850749735833436160000000 1 -20859200 -20 -24 1
264 -1256175818667339218288640000 1 -460508640 -11 -15 1
1692 -6309476850656006359668883456 1 -18301946 -7 -26 1
54 -1222019310739287703552 1 -18301946 -7 -26 1
1805 -58479464087123078022266880 1 -18301946 -7 -26 1
293 -885580763460722151653376 1 -18301946 -7 -26 1
349 -186091983954172561620992000 1 -18301946 -7 -26 1
1534 -189860951964707361657446400 1 -139518288 -13 -13 1
806 -626095677288872784494592 1 -139518288 -13 -13 1
875 -18186496921426185060570624000 1 -1015326860 -7 -29 1
1056 -121781807654073650041061376 1 -395304564 -12 -9 1
654 -880841009922048000000 1 -304000 -6 -10 1
654 -27049116380037120000000 1 -304000 -6 -10 1
274 -338440904010576691200 1 -620160 -19 -3 1
240 -1933536419859877724160 1 -620160 -19 -3 1
544 -316453347225501696000 1 -620160 -19 -3 1
1375 -209686316300669844109393920 1 -3912480 -7 -19 1
130 -65567956598784000000 1 -65875728 -12 -10 1
24 -11898008215051095244800 1 -320265792 -24 -9 1
54 -9932577177600000 1 -23760 -2 -3 1
29 -49379097968640 1 -23760 -2 -3 1
54 -3575727783936000 1 -23760 -2 -3 1
65 -899898303200624640 1 -23760 -2 -3 1
364 -690955087216675055532471635410944 1 -1559463676 -28 -9 1
28 -140246149057395604586496 1 -1559463676 -28 -9 1
304 -4320249138521102220263424 1 -29860992 -18 -16 1
178 -170002792683012199280541696 1 -29860992 -18 -16 1
514 -991017859916117311488000000 1 -29860992 -18 -16 1
1186 -5283212815069910091840847085568 1 -29860992 -18 -16 1
1296 -283820023737303214004895744 1 -29860992 -18 -16 1
1168 -345093363319652364608077824 1 -29860992 -18 -16 1
162 -3105465398882218832560128 1 -29860992 -18 -16 1
17 -27466869248 1 -5194 -1 -1 1
9 -23933952000 1 -5194 -1 -1 1
1074 -1650659384620021923840000 1 -1818806 -10 -11 1
211 -30196628585954541568000 1 -1818806 -10 -11 1
120 -131185013959802880000000 1 -1818806 -10 -11 1
135 -9820365504775357538304000 1 -8796600 -9 -6 1
311 -57007183850593320960 1 -1102640 -3 -11 1
111 -2594304695095787520 1 -1102640 -3 -11 1
21 -16590419121848195635200 1 -485824498 -19 -21 1
48 -578229829632 1 -784 -1 -3 1
12 -262193283072 1 -784 -1 -3 1
30 -17557585920 1 -784 -1 -3 1
1235 -669512064275964000000000000 1 -362691000 -25 -10 1
390 -3769340206464000000000000000 1 -362691000 -25 -10 1
12 -12434254256406528 1 -55328 -2 -6 1
10 -9354756096000000000 1 -2706816 -6 -10 1
289 -66568343273865216000 1 -3654000 -28 -1 1
144 -5581411196520628224000 1 -3654000 -28 -1 1
140 -120549246674927616000 1 -3654000 -28 -1 1
140 -145400937527912693760000 1 -3654000 -28 -1 1
29 -1909701771264000 1 -3654000 -28 -1 1
1273 -5669187415034926859182787788800 1 -219038400 -7 -19 1
706 -34279748665344000000000 1 -504000 -5 -14 1
314 -602105644202065920000000 1 -504000 -5 -14 1
90 -29951941017600000000 1 -504000 -5 -14 1
191 -72489986040840192000 1 -6066720 -11 -4 1
191 -4389316653993689088000 1 -6066720 -11 -4 1
42 -2381731869229056 1 -84068 -2 -3 1
42 -710312244475060224 1 -84068 -2 -3 1
636 -91798587882602496000000 1 -178080 -6 -10 1
2 -205489152 1 -8108 -1 -1 1
1134 -66102965233995887099982643200000 1 -504731136 -14 -20 1
185 -7600009337102246400000 1 -4966008 -5 -7 1
26 -18806514194055168000 1 -73807776 -16 -10 1
225 -2101218823729816472125440 1 -631040 -8 -9 1
729 -2848629428109545413017600 1 -631040 -8 -9 1
441 -4256176360125185497497600 1 -631040 -8 -9 1
174 -94149569079336960000000 1 -9872100 -6 -10 1
17 -1535346554877222912 1 -862741 -1 -17 1
299 -1540022102612634009600000 1 -761760 -10 -19 1
1084 -203811851366684669509632000 1 -10536600 -24 -4 1
220 -423209087198098882560000 1 -10536600 -24 -4 1
55 -6344320276765081600 1 -193901 -1 -11 1
66 -16401527576985600 1 -91956 -4 -6 1
27 -376583129137152 1 -62558 -2 -3 1
168 -66883107628114771968 1 -1043808 -3 -12 1
42 -18354288476160000 1 -1935440 -5 -7 1
27 -14615451934720000 1 -1935440 -5 -7 1
380 -2614997035494449971200000 1 -67851531 -19 -20 1
191 -16792378568972697600 1 -5591040 -2 -21 1
39 -1145363333881937264640 1 -5591040 -2 -21 1
678 -29616589011791818358784 1 -738342 -21 -3 1
678 -3190442351693208903244800 1 -738342 -21 -3 1
3169 -16200907765761408245269668864 1 -7219525801 -18 -19 1
1244 -695694255845008716322175385600 1 -10053888 -7 -19 1
263 -49142440479235172990976 1 -9717132 -19 -4 1
3 -42799104 1 -16 -1 -3 1
24 -1194393600 1 -16 -1 -3 1
6 -6433800192 1 -16 -1 -3 1
210 -55266740586086400000 1 -11751568 -10 -3 1
3025 -19304477007400000000000000 1 -8786744200 -25 -13 1
25 -125479100548100000000000000 1 -8786744200 -25 -13 1
1442 -253377901462215545600000000 1 -8786744200 -25 -13 1
1313 -18059770559706642057283200000000 1 -8786744200 -25 -13 1
22 -12243452474899778502656 1 -55845712 -22 -13 1
2713 -95291644203599398629733229395968 1 -55845712 -22 -13 1
497 -798923344541143758666504732672 1 -55845712 -22 -13 1
1349 -825372105159742455054598144 1 -55845712 -22 -13 1
447 -460289828956564554972659712 1 -69982836 -12 -19 1
1466 -37836393311862130561662320640 1 -26421248 -8 -18 1
143 -56723798740697088 1 -150528 -1 -11 1
143 -2457626427260928 1 -150528 -1 -11 1
1650 -2936816814246507959457039777792 1 -146541632 -12 -14 1
306 -6062259701975620905861120 1 -146541632 -12 -14 1
60 -17254597431312921600000 1 -443232 -15 -3 1
105 -453189756487680000000 1 -443232 -15 -3 1
35 -84601866496 1 -2809 -1 -7 1
14 -1768006352896 1 -2809 -1 -7 1
53 -372257725612032 1 -11232 -1 -4 1
53 -4167064092672 1 -11232 -1 -4 1
29 -138754916352000 1 -11232 -1 -4 1
894 -19589132154917017526206464000 1 -559728064 -16 -30 1
654 -745026145759304818596878745600000 1 -559728064 -16 -30 1
6 -36864000 1 -720 -1 -1 1
14 -35625369600 1 -720 -1 -1 1
9 -2359296000 1 -720 -1 -1 1
14 -700416000 1 -720 -1 -1 1
959 -20498496886884949386854400 1 -214032 -14 -7 1
959 -273868933115613554933760 1 -214032 -14 -7 1
341 -20027043972749721600 1 -934400 -3 -11 1
101 -1347941019156480000 1 -298560 -20 -1 1
261 -343899541340160000000000 1 -298560 -20 -1 1
269 -8557299090063360000 1 -298560 -20 -1 1
29 -14639601549312000000 1 -298560 -20 -1 1
6 -212336640 1 -432 -1 -1 1
14 -2866544640 1 -432 -1 -1 1
2 -71663616 1 -432 -1 -1 1
40 -5385724344000000000000 1 -69069000 -15 -25 1
3610 -43344369569100600000000000000 1 -69069000 -15 -25 1
490 -2118857340600000000000000000 1 -69069000 -15 -25 1
6 -3088000 1 -386 -1 -1 1
20 -787442761728000 1 -3051536 -1 -20 1
21 -6789946446918451200000 1 -3051536 -1 -20 1
361 -29513539596126257152000 1 -3051536 -1 -20 1
21 -2499818291200000 1 -3051536 -1 -20 1
45 -10221882635520 1 -135241 -9 -1 1
45 -1471951099514880 1 -135241 -9 -1 1
81 -1913536429369344000 1 -135241 -9 -1 1
1904 -3173816280782929102110720 1 -321585152 -17 -12 1
14 -46824161280 1 -229 -1 -1 1
14 -289602560 1 -229 -1 -1 1
9 -3001548800 1 -229 -1 -1 1
17 -632787456 1 -229 -1 -1 1
2224 -469326486525885504552960000 1 -214750800 -17 -28 1
3992 -308793883975964346702133079310336 1 -305858432 -16 -26 1
666 -6087853185327232450560000000 1 -305858432 -16 -26 1
794 -45991441782349558124579389440 1 -305858432 -16 -26 1
216 -5842517540110073856000 1 -11988030 -22 -2 1
74 -386615045985376665600 1 -11988030 -22 -2 1
596 -72096177058824152678400 1 -11988030 -22 -2 1
336 -9582828032737935360000 1 -75349120 -22 -6 1
22 -288193080434688 1 -218439 -1 -11 1
188 -103039059467863465132032 1 -22235136 -12 -11 1
1949 -64429342707153871423068438528 1 -12415312 -16 -29 1
1949 -1012752800741519779273113600 1 -12415312 -16 -29 1
75 -17170770221762347008 1 -44568888 -24 -3 1
71 -908117360640000 1 -35910 -1 -7 1
35 -828816040799502336 1 -2304 -1 -7 1
35 -207462862946304 1 -2304 -1 -7 1
127 -23433061790121984 1 -7119 -1 -7 1
100 -339901408981177344 1 -7119 -1 -7 1
57 -44570057347694592 1 -7119 -1 -7 1
16 -490082439168 1 -7119 -1 -7 1
100 -44001234163160064 1 -7119 -1 -7 1
1454 -7206386556640764100608000 1 -314696304 -6 -26 1
734 -6901696867745604903112802304 1 -314696304 -6 -26 1
31 -86470274580480 1 -2688 -3 -1 1
34 -327741603840 1 -2688 -3 -1 1
710 -34350585414532099882352640000000 1 -7836481710 -20 -30 1
5690 -168468605722958735071641600000000 1 -7836481710 -20 -30 1
39 -17252352000 1 -208 -1 -3 1
81 -6195824234496000 1 -482274 -10 -1 1
272 -1468840704858478751514624 1 -936624 -7 -19 1
140 -279396835827094142976 1 -936624 -7 -19 1
311 -38474182842959081766912 1 -936624 -7 -19 1
1244 -650949295976263065600000 1 -936624 -7 -19 1
302 -176967196935386035613220864 1 -5990774 -13 -17 1
537 -101346104816320905216000000 1 -39218712 -25 -12 1
1225 -2339121639816000000000000 1 -39218712 -25 -12 1
20 -12741790924800000 1 -12192 -3 -5 1
2 -314806272 1 -187 -1 -1 1
248 -52980513482207596898156544 1 -68087088 -13 -14 1
22 -2454626304 1 -197 -1 -1 1
9 -131123200 1 -197 -1 -1 1
6 -8638799872 1 -197 -1 -1 1
146 -5152998744391680000000 1 -14315616 -10 -4 1
404 -6360105470379687936000000 1 -14315616 -10 -4 1
4745 -4933161024312233986560000000000000000 1 -9718658000 -25 -20 1
600 -1990381158400000000000000000000 1 -9718658000 -25 -20 1
62 -90320235134976 1 -3564 -2 -3 1
5046 -21425778646457603342240924389343232 1 -3501831142 -24 -22 1
5046 -28212276666704220680041267200 1 -3501831142 -24 -22 1
726 -30339986716591635668042539597824 1 -3501831142 -24 -22 1
126 -395003690286034752000 1 -6127245 -9 -9 1
774 -1065059325481376053937479680 1 -6127245 -9 -9 1
227 -2856675376777153806336000000 1 -3196380 -20 -7 1
167 -324906107424526172160000 1 -3196380 -20 -7 1
321 -87793905134637225216000 1 -56268079 -10 -21 1
14 -9057484800 1 -432 -1 -1 1
450 -83268933242836746240000 1 -3240000 -6 -12 1
330 -86444993631995559936000000 1 -9940834 -6 -10 1
414 -13210728738508800000 1 -215784 -9 -5 1
234 -61561995921451008000 1 -215784 -9 -5 1
74 -1821836208291840000 1 -215784 -9 -5 1
28 -10894890811392 1 -121323 -1 -3 1
38 -1595877184342425600 1 -317009 -3 -11 1
224 -9542256779203706880000 1 -916440 -8 -6 1
35 -86896387178496 1 -45081 -1 -7 1
1136 -644347320955262408000000000 1 -425572400 -25 -11 1
236 -48124475999424000000000000 1 -425572400 -25 -11 1
2519 -3558303924442787916000000000000 1 -425572400 -25 -11 1
419 -138338836219700160000000000000 1 -425572400 -25 -11 1
124 -40602194440192000000000 1 -425572400 -25 -11 1
381 -150664567648367652822319104 1 -613745328 -21 -12 1
8 -37297128996864000000 1 -1976073 -8 -25 1
27 -177306869956608 1 -4256 -2 -3 1
2400 -25152477389196961813757322854400000 1 -628793684 -11 -24 1
45 -955992744935424 1 -78176 -2 -3 1
45 -84707907647569920 1 -78176 -2 -3 1
14 -139436885016576 1 -78176 -2 -3 1
21 -481579499520 1 -3072 -1 -3 1
31 -722963791872 1 -3072 -1 -3 1
12 -440301256704 1 -3072 -1 -3 1
16 -61259120640 1 -3072 -1 -3 1
21 -593948049408 1 -3072 -1 -3 1
3324 -355738898370197504179725926400 1 -711122688 -12 -28 1
3324 -150223970298834182371251585024000 1 -711122688 -12 -28 1
600 -469058412538224601588530413568 1 -711122688 -12 -28 1
132 -565779312706071822336 1 -2592704 -3 -11 1
204 -104177610464278280867027200 1 -467211260 -17 -11 1
54 -5363591675904000 1 -3080 -2 -3 1
636 -22184067565344070264055817830400 1 -3060134080 -28 -12 1
9 -122964480 1 -593 -1 -1 1
9 -986752000 1 -593 -1 -1 1
322 -11315580463854194025675276288 1 -8085207951 -14 -23 1
234 -49704991979580564480000 1 -3068334 -18 -3 1
75 -8460187319387750400 1 -3068334 -18 -3 1
234 -20754299000457695232 1 -3068334 -18 -3 1
115 -3017600000000000000000 1 -256250 -10 -25 1
360 -92089690000000000000000000 1 -256250 -10 -25 1
515 -33399010000000000000000 1 -256250 -10 -25 1
2360 -71299894733365000000000000000 1 -256250 -10 -25 1
216 -2416984000494847100190720 1 -53526528 -8 -16 1
72 -152547079499798047358976 1 -53526528 -8 -16 1
8 -29426519965238820864 1 -53526528 -8 -16 1
200 -5555900232786644705300447232 1 -53526528 -8 -16 1
24 -145661273827932163276800 1 -53526528 -8 -16 1
1184 -1388912909386494591935447040 1 -53526528 -8 -16 1
1139 -5649778636602384745802880000 1 -3980966 -5 -21 1
20 -214704193536000000 1 -862848 -3 -5 1
1223 -742376476539914372750770176 1 -565136 -7 -19 1
7 -4269567725926350848 1 -565136 -7 -19 1
83 -1829814739682721792 1 -565136 -7 -19 1
579 -5397955769332453889802240 1 -565136 -7 -19 1
1375 -1578886145047564543590400 1 -565136 -7 -19 1
812 -2505662470053458433962171891712 1 -186474176 -27 -29 1
161 -2010476825493520384 1 -6889519 -2 -13 1
353 -2740099490708054698496 1 -6889519 -2 -13 1
2016 -387880667235873295486156800 1 -4924800 -24 -18 1
288 -2562939550506552813158400 1 -4924800 -24 -18 1
7 -13875865533415424 1 -654424 -1 -7 1
897 -240749455020543933235200000000 1 -12749880 -30 -23 1
2903 -10120380144144351315886080000 1 -12749880 -30 -23 1
6 -630784000 1 -308 -1 -1 1
13 -213204992 1 -308 -1 -1 1
13 -53301248 1 -308 -1 -1 1
6 -138772480 1 -308 -1 -1 1
774 -51244816540644516298752000 1 -633654816 -6 -30 1
774 -2277547401806422946611200000 1 -633654816 -6 -30 1
97 -904879273614976 1 -34694 -11 -1 1
150 -89011147978506240000000 1 -39120280 -6 -10 1
1814 -6176385440646011289600000 1 -22732800 -22 -8 1
548 -3028480843132698624000000 1 -1974720 -20 -2 1
291 -408641180776464138240 1 -5133944 -1 -29 1
703 -344367212062709830385664 1 -324198 -7 -19 1
1965 -1957121687445620889600000000 1 -2135092695 -30 -15 1
19 -64772230348800000 1 -91200 -1 -15 1
19 -726191308800000 1 -91200 -1 -15 1
79 -265751663616000000 1 -91200 -1 -15 1
14 -10858917888 1 -581 -1 -1 1
6 -14576128 1 -581 -1 -1 1
7 -601677103104 1 -7728 -1 -3 1
19 -47214412185600 1 -20427 -1 -3 1
13 -1565530509312 1 -20427 -1 -3 1
13 -29367816192 1 -20427 -1 -3 1
531 -20025635001125468387404677120 1 -158233824 -17 -18 1
251 -19262956444997852572876800 1 -46450040 -27 -2 1
48 -537971949305856 1 -832 -1 -3 1
83 -150679868550414336 1 -18792 -2 -9 1
14 -6008256 1 -27 -1 -1 1
14 -43200000 1 -27 -1 -1 1
14 -93450240 1 -27 -1 -1 1
5120 -33669888301780477541351424000000 1 -10565218240 -20 -28 1
384 -11502964583379763200000 1 -10615960 -6 -10 1
212 -166597010990926135296 1 -1741044 -1 -16 1
20 -152475527943290880 1 -1741044 -1 -16 1
146 -10985950133727528960 1 -149072 -3 -11 1
243 -12034711354086457344 1 -149072 -3 -11 1
76 -938349690880000 1 -2720 -1 -4 1
329 -202356558331200000000000 1 -176904 -1 -25 1
129 -249944123520000000 1 -176904 -1 -25 1
66 -3406095257866076160 1 -95040 -3 -3 1
39 -5179697104158720 1 -95040 -3 -3 1
39 -102163650969600 1 -95040 -3 -3 1
1179 -64614647703598611250544640000 1 -26437320 -9 -26 1
3 -33598882446336 1 -120667 -1 -3 1
48 -52435074511872 1 -120667 -1 -3 1
3267 -2978519076299712934969344 1 -53395888 -13 -27 1
1871 -4408315216356931692134400000 1 -59061120 -19 -20 1
69 -2621932830720 1 -320 -2 -3 1
84 -798296585011200 1 -320 -2 -3 1
594 -295764598255032062705664 1 -229563792 -8 -18 1
315 -94273563070286699904000 1 -1274191 -7 -9 1
63 -11747360018082877784064 1 -1274191 -7 -9 1
601 -31657067180676703909733990400 1 -25890768 -9 -16 1
673 -74129379331688183988486144 1 -25890768 -9 -16 1
2833 -150362414178328285839360000000000000000 1 -84807475200 -25 -27 1
2833 -30925240200904883510476800000000 1 -84807475200 -25 -27 1
21 -1027369598976 1 -3072 -1 -3 1
21 -993686552838144 1 -3072 -1 -3 1
48 -834737799168 1 -3072 -1 -3 1
21 -1019215872000 1 -3072 -1 -3 1
31 -20522166386688 1 -3072 -1 -3 1
31 -16285710680064 1 -3072 -1 -3 1
73 -258040997609472 1 -4932 -1 -4 1
61 -1390024178270208 1 -4932 -1 -4 1
17 -11361954299904 1 -4932 -1 -4 1
9 -10100736000 1 -4932 -1 -4 1
21 -6549481193472 1 -1088 -2 -3 1
66 -5454782193991680 1 -1088 -2 -3 1
53 -338478660845568 1 -1088 -2 -3 1
96 -2644702455555686400000 1 -11246900 -20 -4 1
20 -943458353152000000000 1 -11246900 -20 -4 1
38 -862421534392320000 1 -14490 -2 -5 1
112 -1389615575040000 1 -14490 -2 -5 1
80 -22131846739328256000000 1 -1056447 -5 -7 1
801 -328276282846577002758144000 1 -975800673 -18 -9 1
4096 -575091564682034543625683343507456000 1 -1851595200 -28 -16 1
2188 -70685749542920660908926566400 1 -1851595200 -28 -16 1
17 -1533818744865792 1 -54153 -2 -3 1
8 -3066310950912 1 -54153 -2 -3 1
342 -525641442016320000 1 -575505 -5 -7 1
1186 -103228942121336043566813675520 1 -1261490368 -16 -18 1
288 -6287284356810561979095711744 1 -1261490368 -16 -18 1
227 -5570379297605025792 1 -1364552 -14 -3 1
68 -8947367500592525082624 1 -1364552 -14 -3 1
251 -1811019256831971164160 1 -1364552 -14 -3 1
68 -4829980978833260544 1 -1364552 -14 -3 1
2 -694991978496 1 -5168 -2 -3 1
81 -61444338006373171200 1 -108901 -9 -4 1
261 -10957152182206464000 1 -108901 -9 -4 1
121 -2081650801567334400 1 -108901 -9 -4 1
611 -11895953727798812897280000000 1 -773789280 -11 -30 1
3506 -9743772123161480021409792000 1 -31667328 -14 -26 1
612 -821553429144590564733222912 1 -31667328 -14 -26 1
25 -537316746382540800 1 -152256 -1 -12 1
2891 -3324735907965465731598473625600000 1 -1955100000 -21 -14 1
2891 -136769675606731924704460800000 1 -1955100000 -21 -14 1
930 -2133458908433738956800000000000 1 -8208000 -30 -30 1
930 -4574817500296170700800000000000 1 -8208000 -30 -30 1
399 -427479431128742316441600000 1 -150229246 -21 -10 1
26 -10040686007471308800 1 -132255 -2 -13 1
1647 -154494895973786855536066560000 1 -447421320 -12 -15 1
1692 -1549751083195134577213440000 1 -447421320 -12 -15 1
335 -1902162961641600000 1 -938448 -5 -7 1
591 -11015204385388458242211840 1 -17847907 -28 -3 1
60 -13735526400000000 1 -14720 -3 -5 1
68 -394940337684480000 1 -14720 -3 -5 1
42 -632352043745280000 1 -14720 -3 -5 1
23 -87626960732160000 1 -14720 -3 -5 1
420 -5933775913440038092800000 1 -21027840 -28 -15 1
35 -1469791497584970930585600 1 -291522560 -8 -27 1
24 -458292455276544 1 -101808 -2 -3 1
1444 -142698459309644647504362382295040 1 -744393552 -16 -21 1
1381 -2606711616213319009330790400 1 -744393552 -16 -21 1
53 -2739268485120000 1 -50880 -2 -5 1
80 -4124886591078400 1 -3920 -2 -4 1
70 -188196512071680 1 -3920 -2 -4 1
96 -303842092646400 1 -3920 -2 -4 1
155 -1500516680869853577216 1 -716496 -3 -11 1
23 -1928655512905853952 1 -716496 -3 -11 1
111 -32747423954927616000 1 -716496 -3 -11 1
39 -186325401600000 1 -5200 -1 -3 1
12 -332862566400 1 -5200 -1 -3 1
369 -10593589511800185569280 1 -4565764 -4 -9 1
61 -41741887255357685760 1 -4565764 -4 -9 1
6317 -80077239478909897700718154422288384 1 -31796794677 -29 -24 1
72 -340572108349440000 1 -12240 -3 -5 1
47 -24224850247680000 1 -12240 -3 -5 1
4204 -245541155362023973847040000 1 -647702400 -24 -19 1
91 -709883077334925312 1 -5184 -1 -7 1
39 -39429958533120 1 -2064 -1 -3 1
12 -273914265600 1 -2064 -1 -3 1
19 -18840460197888 1 -6036 -1 -3 1
40 -1214910627840 1 -6036 -1 -3 1
564 -109517607529581517996032 1 -97655252 -8 -12 1
216 -3955332534044568110235648 1 -97655252 -8 -12 1
1541 -909750089922658555700183040 1 -419620208 -21 -8 1
1377 -2260571819988658176000000 1 -6851988 -13 -25 1
77 -10760709707294976000000 1 -6851988 -13 -25 1
846 -7715776578866955067392000 1 -1928995686 -10 -19 1
1826 -33339749581859133321216000 1 -1928995686 -10 -19 1
48 -394683557990400 1 -13300 -1 -3 1
3 -162163814400 1 -13300 -1 -3 1
3087 -154367481913300056528526786560000 1 -453646080 -23 -30 1
983 -6563681128945614542000357376000000 1 -453646080 -23 -30 1
374 -516818569836354878035722240 1 -2232417048 -22 -16 1
3641 -701240830430348115443712000000 1 -12100864 -16 -25 1
1825 -877923917133321309519872000000 1 -12100864 -16 -25 1
1543 -25200015615612983407804416 1 -562338048 -24 -7 1
199 -22965041598302870006252175360 1 -562338048 -24 -7 1
38 -291078144000000 1 -1880 -2 -5 1
137 -61816803512320000 1 -1880 -2 -5 1
16 -169771467276288000000 1 -3932160 -6 -10 1
100 -86973087744000000000 1 -3932160 -6 -10 1
150 -12641049079971840000000 1 -3932160 -6 -10 1
124 -2493692371795968000000 1 -3932160 -6 -10 1
334 -344285403081080832000000 1 -3932160 -6 -10 1
304 -1884834957559962009600000 1 -3932160 -6 -10 1
654 -22032565299377602560000 1 -3932160 -6 -10 1
164 -253872597749087600640 1 -1285760 -4 -8 1
236 -102643500410745043025920 1 -1285760 -4 -8 1
22 -216595069396992 1 -2574 -9 -1 1
13 -6858725372928 1 -2574 -9 -1 1
117 -18209872631808 1 -2574 -9 -1 1
972 -5236914013270715138829415612416 1 -1367839104 -27 -24 1
140 -1284471639360000000 1 -67977 -3 -5 1
112 -187180988170698856857600 1 -47745600 -21 -28 1
39 -27595269734400 1 -5776 -1 -3 1
15 -26948505600 1 -5776 -1 -3 1
12 -620893569024 1 -5776 -1 -3 1
1191 -1022014611647698046238720000 1 -1092969786 -30 -9 1
1191 -12051145592986206936268800000 1 -1092969786 -30 -9 1
351 -17369751790668607900876800000 1 -1092969786 -30 -9 1
66 -599547645634518024192000000 1 -1092969786 -30 -9 1
256 -678128601695437987840 1 -274360 -1 -19 1
194 -852167259145216000000 1 -274360 -1 -19 1
191 -1079852437853974528000 1 -274360 -1 -19 1
55 -184321982044569600 1 -113400 -1 -11 1
81 -29580760805943840768000 1 -11092104 -9 -5 1
486 -29947464452298516480000 1 -11092104 -9 -5 1
146 -278707272278514776064000 1 -11092104 -9 -5 1
146 -3577453877990669650560000 1 -11092104 -9 -5 1
225 -5894798841864000000 1 -11092104 -9 -5 1
459 -723750329675287497572352000 1 -206270550 -18 -11 1
404 -1399022919310743064166400 1 -206270550 -18 -11 1
909 -879903120780615578945126400 1 -206270550 -18 -11 1
14 -1825075200 1 -1371 -1 -1 1
6 -54359162880 1 -1371 -1 -1 1
6 -1179279360 1 -1371 -1 -1 1
350 -11373236571820797416775352320 1 -3717120 -14 -16 1
17 -365783040000 1 -735 -2 -5 1
23 -20808990720000 1 -735 -2 -5 1
92 -194745600000000 1 -735 -2 -5 1
23 -412776000000 1 -735 -2 -5 1
93 -4404127150080000 1 -735 -2 -5 1
38 -2547945308160000 1 -735 -2 -5 1
812 -1487504718352703973375572944355328 1 -10908617728 -28 -29 1
4439 -2052950921854586548879517024256 1 -613421676 -23 -21 1
4439 -2887478817682790161243496853504000 1 -613421676 -23 -21 1
81 -22664394621369714758123520 1 -20156160 -3 -27 1
20 -285613102080000000 1 -918252 -3 -5 1
28 -10672806940978192968030617600 1 -5482202300 -28 -23 1
42 -35465151714951168 1 -36512 -2 -3 1
42 -1095911738966016 1 -36512 -2 -3 1
9 -2500853760 1 -1060 -1 -1 1
223 -3861423652037754880000 1 -53399360 -5 -7 1
203 -3036220001649434664960000 1 -53399360 -5 -7 1
192 -6296955550099701760000 1 -53399360 -5 -7 1
160 -2246093725515159744000000 1 -49457268 -5 -23 1
274 -364024506670065745920 1 -425952 -27 -1 1
136 -154275286926886502400 1 -425952 -27 -1 1
136 -524042410705551360 1 -425952 -27 -1 1
56 -63110039765778432 1 -37632 -6 -2 1
74 -8152778046613487616 1 -37632 -6 -2 1
8 -1649803373051904 1 -37632 -6 -2 1
104 -831347479491379200 1 -37632 -6 -2 1
26 -3887452410347520 1 -37632 -6 -2 1
63 -25603978223376000000 1 -702940 -5 -7 1
104 -39113332569382340505600 1 -75334608 -7 -13 1
272 -121287657454393058044416 1 -7455448 -7 -19 1
272 -1258678274764311129817088 1 -7455448 -7 -19 1
789 -565516899591857377588019200000 1 -16811091296 -20 -29 1
11 -866304000 1 -282 -1 -1 1
2772 -727668677025018436754866176 1 -45378704 -17 -18 1
1377 -512525443440843918236833453965312 1 -45378704 -17 -18 1
1154 -64152522287350464978616320000 1 -3926880 -10 -26 1
270 -5152229013454848000000000 1 -3926880 -10 -26 1
175 -175833749491349600000000000000 1 -953164675 -7 -25 1
15 -912257913600000 1 -14193 -2 -5 1
2 -2340440064 1 -3097 -1 -1 1
23 -16753564938240000 1 -24840 -3 -5 1
183 -71969865984000000 1 -24840 -3 -5 1
274 -1470802457909896151040 1 -170016 -21 -1 1
1209 -609338773637118144704028672000 1 -192266056 -13 -21 1
390 -326778016116812107857085440 1 -192266056 -13 -21 1
1209 -92026471443066694307322372096 1 -192266056 -13 -21 1
27 -6601864456105821536256 1 -81871684 -7 -27 1
11 -1741725758541824 1 -960116 -1 -11 1
290 -97935314931811604234240 1 -518144 -22 -4 1
1553 -18811538325611602759134019584 1 -304773896 -27 -14 1
486 -339959376336705438354112512 1 -304773896 -27 -14 1
3555 -13217545841025971638643982336 1 -304773896 -27 -14 1
60 -204498232934400000 1 -192617 -3 -5 1
604 -577007180677298257920000000 1 -8600640 -4 -30 1
526 -728337447200489472000000 1 -8600640 -4 -30 1
766 -2720323259596800000000 1 -8600640 -4 -30 1
73 -2780256677658624 1 -326932 -1 -18 1
81 -1844622208528809984 1 -326932 -1 -18 1
114 -3210918881280000 1 -3245 -1 -11 1
11 -3885211846348800 1 -3245 -1 -11 1
114 -227097589409996800 1 -3245 -1 -11 1
29 -41108373504 1 -384 -2 -1 1
11 -26084376576 1 -384 -2 -1 1
27 -59051606016 1 -384 -2 -1 1
143 -6036035782551692544 1 -10487 -1 -11 1
150 -3490871040864000000000 1 -3420150 -30 -1 1
64 -787044348887040000000 1 -3420150 -30 -1 1
151 -240554761067002060800000 1 -3420150 -30 -1 1
249 -2323177603154496000000 1 -3420150 -30 -1 1
151 -47972595089548800000 1 -3420150 -30 -1 1
150 -1021251317760000000000 1 -3420150 -30 -1 1
70 -50114708530790400000000 1 -651264 -6 -10 1
197 -20683477538470464218726400 1 -383913600 -8 -21 1
261 -104846073591215751381909504000 1 -383913600 -8 -21 1
6 -14523742915491004416 1 -34592428 -6 -13 1
26 -481931359875000000000 1 -396900 -1 -25 1
39 -35258499072000 1 -1000 -1 -3 1
39 -28824698880000 1 -1000 -1 -3 1
216 -5986258816582066176000000 1 -118744274 -5 -14 1
131 -12590800424886721314816000 1 -118744274 -5 -14 1
706 -37017413638731126013952000 1 -118744274 -5 -14 1
365 -6249955140000000000000000000 1 -145314000 -10 -25 1
1251 -598470175012612724490240000 1 -131472000 -11 -24 1
15 -349540083302400000 1 -1478656 -4 -15 1
110 -150456475026063360000 1 -274176 -1 -11 1
404 -312697034521951784140800 1 -2563904 -3 -14 1
636 -162481548421547163648000 1 -4376044 -6 -10 1
536 -1954870418915475849216000 1 -81243360 -26 -16 1
567 -15154995087967872614400 1 -71596800 -18 -7 1
3 -7023034368 1 -4032 -1 -3 1
2656 -730935050979699095624640000000 1 -904984041 -19 -15 1
79 -8580951526651545600000 1 -904984041 -19 -15 1
38 -32271636234240000 1 -164060 -2 -5 1
103 -1925325925253120000 1 -164060 -2 -5 1
6 -397312000 1 -485 -1 -1 1
9 -814489600 1 -485 -1 -1 1
6 -993280000 1 -485 -1 -1 1
2649 -707230741481119065047040000000000000 1 -443531200 -24 -25 1
1041 -383588775120245280768000000000 1 -443531200 -24 -25 1
764 -8531727066534857394503024640 1 -21155190784 -28 -23 1
156 -1203816548347674624000000 1 -17794656 -6 -10 1
494 -4959626936449357725696000000 1 -2436692544 -19 -25 1
103 -69532015573680128000000 1 -25766095 -5 -7 1
83 -242004007328707008000000 1 -25766095 -5 -7 1
83 -150227959512064000000 1 -25766095 -5 -7 1
218 -27904952003047981056 1 -239616 -2 -8 1
26 -125426788938547200 1 -239616 -2 -8 1
170 -42297676033746272256 1 -239616 -2 -8 1
160 -806848020741095424 1 -239616 -2 -8 1
117 -15041864773130561060864 1 -3649042 -2 -13 1
1056 -1704122053991019837306961920000000 1 -78136704 -30 -24 1
24 -257362856755200 1 -13681 -1 -3 1
15 -17021352960 1 -13681 -1 -3 1
540 -166460032846968422400000 1 -1019609112 -30 -18 1
31 -73414119260160 1 -2352 -1 -3 1
31 -41617981440 1 -2352 -1 -3 1
39 -11236854988800 1 -2352 -1 -3 1
25 -173815678697472 1 -2352 -1 -3 1
39 -2472108097536 1 -2352 -1 -3 1
1736 -6274157314618190462976000000 1 -44340800 -20 -9 1
189 -6356889342489408307200000 1 -44340800 -20 -9 1
117 -180907721350447104 1 -285948 -2 -13 1
314 -562596616593966366720000000 1 -105857640 -10 -16 1
784 -28930613439757371310080000 1 -105857640 -10 -16 1
66 -967355020616269824 1 -150216 -2 -3 1
17 -569350038749184 1 -150216 -2 -3 1
2 -132901502976 1 -150216 -2 -3 1
2576 -26935190293601449061632293470208 1 -1581278256 -12 -23 1
288 -137801387998530629693079552 1 -53879904 -12 -18 1
1444 -1100650406318275481785084149760 1 -10963360 -19 -8 1
184 -86965756147333808206643200 1 -10963360 -19 -8 1
72 -79250732605440000 1 -29880 -3 -5 1
47 -10574364672000000 1 -29880 -3 -5 1
95 -2501820253470720 1 -6720 -1 -7 1
74 -263275184208960 1 -76335 -1 -7 1
386 -86306599206912000000 1 -75264 -4 -10 1
404 -34724810588160000000 1 -75264 -4 -10 1
594 -8247458143350372691869696 1 -13172946944 -22 -26 1
594 -13711063155766006251716293427200 1 -13172946944 -22 -26 1
341 -10433359175087869077657600 1 -104304057 -17 -13 1
914 -537610348773455735839666176 1 -104304057 -17 -13 1
105 -151989571584000000 1 -12032 -3 -5 1
378 -4703263535280291840000 1 -145661760 -18 -5 1
1148 -229733350475433243533219091972096 1 -2342366208 -28 -28 1
924 -19983851058650150855008610942976 1 -2342366208 -28 -28 1
1148 -50635647195145838939602944 1 -2342366208 -28 -28 1
502 -8090229336470823370752000 0 -29209012 -12 -10 0
1200 -217039721006776235065344 0 -1115136 -11 -12 0
42 -4333929062400000 0 -14193 -2 -5 0
63 -487374630912000 0 -3978 -2 -5 0
331 -69295400689398430511923200 0 -159265683 -11 -16 0
123 -131848669803887984640 0 -6337860 -7 -4 0
7 -16521953280 0 -6720 -1 -7 0
207 -414208279675227340800000000 0 -953164675 -7 -25 0
749 -3621814835484203989165670400 0 -31796794677 -29 -24 0
332 -444243982293786382848 0 -324198 -7 -19 0
14 -804864000 0 -30 -1 -1 0
2349 -4244779804754418368540835741696 0 -1240965279 -27 -18 0
1029 -39419501175691675418728857600 0 -3341520 -9 -12 0
199 -11993499407155200000 0 -39567 -1 -11 0
384 -25734239445428195033088 0 -260592 -6 -22 0
6 -1490603212800 0 -5200 -1 -3 0
86 -2199918796027330560 0 -2066134 -2 -13 0
80 -50125577554029035520 0 -316820 -3 -11 0
344 -3849775390039962746880 0 -602352 -3 -11 0
269 -4219236433752883200000 0 -3051536 -1 -20 0
40 -401910792192 0 -3072 -1 -3 0
5015 -80351723354017033295868362489856 0 -85683804 -24 -23 0
1856 -158434353594090170899121111040 0 -1015326860 -7 -29 0
417 -6692246387044160716800000 0 -26051577 -3 -30 0
541 -321073941209220307325288448 0 -160183756 -13 -24 0
91 -11629962410371317760000 0 -1374560 -4 -11 0
509 -2663529767788869730277130240 0 -17889864 -7 -13 0
208 -165446529503941003051008 0 -260592 -6 -22 0
637 -94042219590079488000 0 -9637173 -10 -7 0
66 -38015628849709056 0 -37632 -6 -2 0
129 -5401909956968448000 0 -399280 -11 -2 0
17 -14315064416322441467904 0 -5990774 -13 -17 0
1215 -71436094854456287481008947200 0 -917070080 -11 -27 0
59 -225517436928000 0 -24500 -2 -3 0
118 -6594225250287528000 0 -15687 -5 -7 0
119 -259014123089920000 0 -3245 -1 -11 0
621 -32576117916764013921035125079040 0 -17500484745 -27 -23 0
206 -930077111028377714688000 0 -871042304 -20 -26 0
2929 -5908625684630970743070720000000 0 -516640914 -26 -25 0
5425 -1231932573529893342019584000000000000 0 -443531200 -24 -25 0
216 -165832343799150604713984 0 -1212944 -18 -2 0
138 -14688169441997004800000 0 -3259927 -10 -7 0
5509 -3931758907225116813361152000 0 -377458900 -28 -21 0
2625 -3649051102723745547095079321600 0 -377458900 -28 -21 0
24 -1065069498286080 0 -121323 -1 -3 0
28 -53708136283688140800 0 -2718792 -2 -13 0
2 -1714176 0 -186 -1 -1 0
2472 -20402661021073385383306199040000 0 -9188480 -20 -13 0
628 -80619075013322402168832 0 -8143936 -3 -22 0
2874 -18889284130679066247069696000000 0 -306777240 -21 -30 0
4106 -1174344325192570909627514880000000 0 -454806990 -14 -30 0
209 -233812297857451622400 0 -4447838 -3 -14 0
58 -41123194321187635200000 0 -296811952 -18 -10 0
59 -24245144985600 0 -18315 -2 -3 0
2096 -2509665772083666223104000000 0 -3087489024 -25 -19 0
120 -145655788678812794880 0 -46520070 -6 -16 0
26 -17763220366295040 0 -55328 -2 -6 0
296 -9138102298780631040 0 -631040 -8 -9 0
5 -256131072 0 -6948 -1 -1 0
261 -676111606819044678696960 0 -46450040 -27 -2 0
1770 -1558843901681549457752064 0 -146632416 -24 -18 0
1208 -155441079874963157217051672576 0 -37189436 -12 -23 0
4047 -48664562157036566709534720000 0 -21027840 -28 -15 0
758 -174195503557012094976 0 -232544 -2 -28 0
42 -106003924992000 0 -24500 -2 -3 0
80 -25650319231683070525440 0 -1285760 -4 -8 0
2448 -463224098561850684941008896000 0 -15579648 -18 -30 0
159 -7501891579559215104000 0 -243279735 -7 -19 0
2562 -5676278435148851847727239168000 0 -8585474127 -15 -18 0
45 -4668383510396928 0 -1206352 -18 -1 0
17 -10404495360 0 -720 -1 -1 0
19 -279189504 0 -187 -1 -1 0
66 -4872727259136000 0 -18315 -2 -3 0
96 -4085161123302604800 0 -508880 -2 -13 0
2004 -643901472374431498204222586880 0 -320265792 -24 -9 0
53 -58163209961472 0 -131712 -1 -11 0
144 -836270966224031349473280 0 -5591040 -2 -21 0
486 -268855777590316937911468032000 0 -504731136 -14 -20 0
384 -100349564294182993920000 0 -4066816 -6 -10 0
157 -11203124209385472 0 -152256 -1 -12 0
98 -61151326608476160000 0 -575505 -5 -7 0
274 -5365380604763350499328000 0 -24514336 -6 -10 0
282 -59183490622025405196288 0 -1944058 -1 -21 0
2615 -174089759343787788485925808373760 0 -37189436 -12 -23 0
200 -1327071290512026894336 0 -365864 -9 -2 0
3226 -2849936632236902518450171674624 0 -7219525801 -18 -19 0
45 -25850315538432 0 -131712 -1 -11 0
1333 -1367697462206687706267521187840 0 -391831440 -13 -21 0
55 -137855450636288 0 -303968 -1 -11 0
279 -256854508367064072192000 0 -142850624 -26 -5 0
143 -882206689517620752384 0 -7251017 -3 -11 0
3324 -8682325860388207125308094692720640 0 -3060134080 -28 -12 0
6156 -412561720460391771786906601594552320 0 -1367839104 -27 -24 0
1330 -324619220090880000000000000 0 -70176000 -10 -30 0
63 -53994728718336000 0 -106008 -2 -5 0
81 -3999532792872960000 0 -181440 -3 -6 0
490 -170187846321548600303616 0 -2288929 -27 -1 0
18 -5844908408832000 0 -129537 -2 -5 0
15 -5906877503324160 0 -1118140 -1 -11 0
11 -36864000 0 -60 -1 -1 0
80 -275795948749968211968 0 -1322042 -2 -13 0
596 -3557126276174942924963840 0 -258368 -22 -2 0
47 -2150441879040000 0 -255000 -2 -13 0
2808 -681159360764109079479058432 0 -2327520512 -14 -22 0
71 -411993079185408000 0 -76335 -1 -7 0
13 -4001920000 0 -925 -1 -1 0
25 -423213278400000000000000 0 -50874624 -25 -11 0
81 -10621119951588556800 0 -1741044 -1 -16 0
794 -323476864172575140222074880 0 -81243360 -26 -16 0
226 -407410645860643718430720000 0 -255013890 -22 -6 0
179 -4977946818387954892800 0 -934400 -3 -11 0
741 -1988326652902779731705856000 0 -214750800 -17 -28 0
87 -39639817728000000 0 -14490 -2 -5 0
532 -1068128570697839693070336 0 -11482548 -14 -29 0
213 -4717763569736318976000 0 -4649312 -5 -7 0
56 -2901351120814080 0 -16560 -1 -11 0
100 -236283109171200 0 -9450 -1 -7 0
765 -392184927141962627517014016 0 -1631394 -11 -7 0
105 -564368891904000000 0 -36992 -3 -5 0
2298 -1229573924646350019467673600000 0 -15579648 -18 -30 0
41 -32473780837699289088 0 -676151 -2 -13 0
34 -36404306651381760000 0 -32656416 -6 -10 0
382 -9788649001824359235824640 0 -1015326860 -7 -29 0
151 -63375857264738304000 0 -285948 -2 -13 0
1316 -649199375491461941148254208 0 -628793684 -11 -24 0
3 -2193124626432000 0 -11751568 -10 -3 0
528 -3965377074953620960994918400 0 -4924800 -24 -18 0
100 -47432548724434069251686400 0 -1603894264 -12 -22 0
78 -3302305808785408000 0 -93068 -2 -5 0
1904 -484359040179927970177536000 0 -2190334796 -15 -29 0
100 -370715210851392 0 -39567 -1 -11 0
1164 -54672139884017621107998720000 0 -597410071 -16 -15 0
1301 -25950403310192401349836800 0 -180279756 -7 -19 0
482 -205141847682122942029824000 0 -102567512 -22 -5 0
277 -16011799633700462592 0 -170016 -21 -1 0
152 -11174787296148123648 0 -3465212 -1 -11 0
4775 -3263003678667594570375408648192 0 -1337400872 -23 -22 0
832 -15176227156251932940004491264 0 -138118251 -7 -12 0
348 -369265976960625976869598003200 0 -36772608 -23 -8 0
243 -230776912801621950382080 0 -1560615 -3 -11 0
27 -404421672376800000 0 -151973 -3 -5 0
367 -6079173870325491302400000 0 -9464400 -22 -15 0
223 -953194441801728000000 0 -13440 -5 -7 0
70 -2904538742784000000 0 -286720 -6 -10 0
3821 -56602066739615891038051872768000 0 -810723875 -18 -23 0
556 -2807424615658291200000 0 -24364080 -6 -10 0
128 -119942117075944734720 0 -568160 -8 -8 0
102 -8360031806838170802192384 0 -2951064 -6 -16 0
598 -736369684989345792000 0 -23501632 -10 -12 0
128 -356590542826632312963072 0 -12970196 -7 -11 0
5901 -670597689398617023413760000000 0 -5209413654 -26 -25 0
72 -346930731417600000 0 -48900 -3 -5 0
19 -23717191680 0 -637 -1 -1 0
283 -122347921082023936000000 0 -7287488 -2 -25 0
108 -654046120944599040000 0 -3018060 -15 -3 0
19 -6003148800 0 -2508 -1 -1 0
243 -91432439622612329472 0 -7251017 -3 -11 0
2541 -904481264263491414020127375360 0 -4618135854 -29 -19 0
654 -512137225723113897984000 0 -17794656 -6 -10 0
259 -1040586045086481116037120 0 -16272384 -3 -16 0
183 -1498097507106816000 0 -319968 -3 -5 0
19 -1381632000 0 -3084 -1 -1 0
942 -21381461011409999296123109376 0 -5709108088 -22 -24 0
348 -8846251409371285748934144000 0 -706438077 -18 -15 0
132 -46317843283968000 0 -87552 -3 -5 0
5102 -24609585628164494322887030046720000 0 -19676798750 -21 -26 0
1770 -1455009361071801993632677888 0 -19407302 -19 -22 0
2920 -9786730173720516937814593712947200 0 -5482202300 -28 -23 0
2738 -61258675179215854479591079936 0 -898304 -28 -22 0
222 -1982969519012040379392000 0 -55944213 -30 -3 0
3316 -5513830282039740444809625600 0 -31667328 -14 -26 0
1020 -2192369963357769302016 0 -1053696 -8 -13 0
2722 -6024433723800573346772810727424 0 -663336884 -26 -11 0
41 -36953985724710912 0 -43472 -2 -3 0
154 -1621518068305820123136000 0 -19016416 -6 -10 0
428 -2017129161736413200000000 0 -953164675 -7 -25 0
272 -4439553043394477473818214400 0 -8079224 -7 -19 0
31 -237222494208 0 -16 -1 -3 0
2615 -1769708703394243906728689664 0 -1581278256 -12 -23 0
119 -438229842153442099200 0 -2033431 -1 -11 0
399 -1778131358996889600000 0 -988128 -3 -11 0
151 -1637367768498176000 0 -973004 -2 -13 0
4620 -4839679459608985600000000000000 0 -9718658000 -25 -20 0
200 -5768277685045616657301504 0 -181378624 -8 -16 0
225 -7577507266560000000000000000 0 -83899200 -25 -8 0
2349 -2103566689404437829242087014400000 0 -2507546560 -29 -20 0
1021 -20524727350371490478008827904000 0 -1198783424 -20 -29 0
192 -3221213247513497600000000 0 -25766095 -5 -7 0
320 -1117903755660256051200000 0 -12763728 -5 -7 0
159 -176162851256043181178880 0 -2271344 -11 -3 0
4545 -2650959391164622934400000000000000 0 -2066152780 -25 -20 0
2781 -1409885855230533741696430080 0 -533952248 -27 -11 0
212 -62661556353941681046635741184 0 -3524903999 -21 -23 0
213 -33123929952296960000 0 -702940 -5 -7 0
8 -2151677952000 0 -320 -2 -3 0
940 -18032080453632000000000000 0 -32508000 -5 -20 0
747 -166734556840484714524963212492800 0 -522000325 -26 -19 0
650 -15815195159156490240000000 0 -81243360 -26 -16 0
342 -4722789582191227073200128 0 -185088554 -26 -4 0
845 -769325448426528534847488 0 -43251988 -13 -13 0
695 -18563167907717850340534517760 0 -5902205040 -23 -28 0
416 -4207702962497126400000 0 -3345320 -10 -4 0
14 -60825600 0 -165 -1 -1 0
5 -142110720 0 -3084 -1 -1 0
279 -23008592376194033327800320 0 -123066495 -3 -23 0
127 -673993909150679040 0 -76335 -1 -7 0
266 -38192786408617279488000 0 -14315616 -10 -4 0
14 -595023888384 0 -84068 -2 -3 0
5142 -33053719869769326605579059200000 0 -657340392 -30 -18 0
23 -1136101270487040 0 -16560 -1 -11 0
199 -37390502103499019059200 0 -17847907 -28 -3 0
94 -1618428526967556541440 0 -60667 -7 -3 0
51 -679923753669562485178368000 0 -5902205040 -23 -28 0
106 -1144330156523520000000 0 -39120280 -6 -10 0
53 -37731580759572480 0 -16560 -1 -11 0
38 -198292891104000 0 -83853 -3 -5 0
567 -192676764008649995712000 0 -706438077 -18 -15 0
53 -72387634987008 0 -368828 -1 -11 0
276 -611219382888038400000 0 -761760 -10 -19 0
223 -502857639599852544000 0 -1042908 -7 -10 0
396 -8232409340784430421114880 0 -5631920 -9 -8 0
342 -14179730328901125144576000 0 -119673688 -18 -10 0
202 -129027789417768550400000 0 -19220032 -8 -10 0
3 -1894400 0 -925 -1 -1 0
265 -24987264214783827640320 0 -508880 -2 -13 0
86 -21628967714816000000 0 -15395072 -14 -4 0
1754 -18416364670933410886189056000 0 -305858432 -16 -26 0
38 -7301159190528000 0 -115328 -2 -5 0
69 -5578340659200000000 0 -91200 -1 -15 0
135 -369915934197306359808 0 -4752653 -3 -11 0
117 -8142173088141312000 0 -319968 -3 -5 0
26 -20685412512306883805184 0 -180279756 -7 -19 0
5207 -658330625136664797069577675603968 0 -85683804 -24 -23 0
1375 -78412426241063472561389568 0 -10053888 -7 -19 0
618 -114970926735213120000 0 -18764010 -5 -13 0
1356 -219220335615933087744000000 0 -58436224 -14 -10 0
1688 -322980441412186590525627250507776 0 -128050538 -29 -6 0
179 -133516702517302444032 0 -573489 -3 -11 0
30 -3860075823132672000000 0 -12749880 -30 -23 0
2516 -288589070235459177676800000000 0 -131472000 -11 -24 0
76 -39459774515694796800000 0 -10615960 -6 -10 0
147 -93947486602069800000 0 -15687 -5 -7 0
527 -2429490333008287081131540480 0 -2777720 -21 -23 0
19 -1045094400 0 -720 -1 -1 0
223 -12472618320986342400000 0 -3686597 -5 -7 0
64 -190108730362410565632000 0 -4376044 -6 -10 0
240 -237957417280878066668666880 0 -159265683 -11 -16 0
370 -8754793887849036424151040 0 -34592428 -6 -13 0
53 -54780918187032576 0 -303968 -1 -11 0
124 -2817329640882831360000 0 -2849704 -6 -10 0
1378 -78896525875408849073109611839488 0 -1261490368 -16 -18 0
404 -48819941347334264193024 0 -97655252 -8 -12 0
614 -2382423575025498959058241536 0 -64844302 -7 -19 0
136 -62335351447879680000 0 -8600640 -4 -30 0
36 -26370308654059315968 0 -7251017 -3 -11 0
36 -128539373174784 0 -5148 -2 -3 0
377 -40457041074483200262144 0 -38885168 -8 -9 0
63 -36431292623616000 0 -129537 -2 -5 0
83 -21003798638592000 0 -102272 -3 -5 0
636 -20123893780775763443712000 0 -28839424 -30 -4 0
241 -939538644875297685504000000 0 -112267584 -25 -16 0
308 -632567540878251264 0 -70863 -3 -11 0
400 -851219759564514311602176 0 -1559463676 -28 -9 0
726 -36024854377593127227403272192 0 -10085718 -24 -6 0
56 -1145445229264896000 0 -1285760 -4 -8 0
63 -3799610892288000 0 -1272482 -3 -5 0
412 -702290664638990254080 0 -6066720 -11 -4 0
168 -347800991835441070080000000 0 -23501632 -10 -12 0
1974 -6283865007641083859087892937113600 0 -598779216 -21 -21 0
4556 -483116696386617922604236800000000 0 -652332780 -24 -20 0
2991 -3694076228561851704465653760000 0 -178270884 -15 -21 0
74 -12352212927774720 0 -13832 -6 -2 0
111 -1034932406748979200 0 -912828 -1 -11 0
47 -90715685900636160 0 -23970 -2 -13 0
3320 -11813484303694581276629532672 0 -909522432 -16 -22 0
392 -46230395121396009927180288 0 -4447838 -3 -14 0
144 -834751509640967300096 0 -2033431 -1 -11 0
7163 -10458236562838409835011742105600 0 -6952140800 -29 -27 0
6240 -2640315682676709438531895296000000 0 -453646080 -23 -30 0
80 -968649005334528000 0 -5631920 -9 -8 0
384 -81723809109218064844455936000 0 -597410071 -16 -15 0
2515 -2199491966306250000000000000000 0 -362691000 -25 -10 0
430 -2605063128938287142400000000 0 -1279841860 -30 -10 0
668 -2108575156453120659161088000 0 -10702272 -8 -20 0
467 -27062442289855964348921413632 0 -1755925196 -19 -16 0
316 -72314418049843200 0 -78540 -4 -7 0
2641 -24708828117046405054464000000000000 0 -443531200 -24 -25 0
1415 -151256579660631244800000000000 0 -55715660 -20 -15 0
219 -50282601890644072857600 0 -69982836 -12 -19 0
305 -476382566692952966430720 0 -5631920 -9 -8 0
787 -1090193626465669859001594880000 0 -8301679019 -22 -19 0
22 -594719896576 0 -3247 -1 -1 0
1259 -901651698311537473617494016 0 -45378704 -17 -18 0
57 -7226512278458204160 0 -1672560 -2 -13 0
2109 -145486488902669793371750400 0 -5990774 -13 -17 0
288 -3859652626616859746107392 0 -26421248 -8 -18 0
1270 -19218814991979273216000000000 0 -115565320 -10 -30 0
1041 -734205162397822895818831822848000 0 -9617739260 -29 -26 0
152 -270467199230593519616 0 -495229 -1 -11 0
167 -13835048500224000 0 -15687 -5 -7 0
256 -15911624148233748480000 0 -1446900 -13 -12 0
446 -491702643207124266516480 0 -916440 -8 -6 0
63 -4527599799518682292224 0 -214032 -14 -7 0
311 -1226696965621363651903488 0 -2271344 -11 -3 0
321 -87213434808671183831040000000000 0 -23475761041 -25 -24 0
548 -54680458633408967344128000 0 -2628762422 -20 -22 0
1971 -33576786640708592888394547200 0 -89806504 -7 -29 0
214 -58301702044298725671567360 0 -46520070 -6 -16 0
14 -4002048000 0 -6948 -1 -1 0
296 -16938367555926491136 0 -161568 -4 -7 0
4864 -2271591693548223641896668364800 0 -11591207328 -22 -24 0
91 -6256401092444160 0 -15680 -1 -7 0
45 -23235054796800000 0 -98483 -2 -5 0
119 -70126813434534764544 0 -180901 -2 -13 0
62 -7579972816441344000 0 -60968 -3 -5 0
192 -3343666662604800000 0 -67712 -3 -5 0
2851 -952547946012531019680422297600 0 -5482202300 -28 -23 0
39 -172092211200 0 -13300 -1 -3 0
1326 -3451921729116750584217600000 0 -181388416 -20 -14 0
121 -339217299324429926400 0 -3503808 -4 -13 0
3381 -125033683739027855535907743989760 0 -9617739260 -29 -26 0
243 -497464577853233418731520000 0 -447421320 -12 -15 0
12 -272594451245956460544 0 -3465212 -1 -11 0
223 -37065168420198912000 0 -1056447 -5 -7 0
5 -31539200 0 -308 -1 -1 0
119 -52573550259732480 0 -744088 -1 -11 0
54 -7224049218355200000 0 -14315616 -10 -4 0
103 -2905872055812096000 0 -4966008 -5 -7 0
574 -3944484917508833280000000000 0 -10888320 -6 -10 0
739 -7562398628860257042432000 0 -34592428 -6 -13 0
342 -835499322748339200000 0 -15687 -5 -7 0
165 -64522574419883604018462720 0 -744393552 -16 -21 0
364 -6549763822421382738739200 0 -6876480 -28 -1 0
851 -1377281069709952030324391936000 0 -5482202300 -28 -23 0
360 -1870828973774769235584614400 0 -14601600 -11 -18 0
71 -73227221845671936 0 -111623 -1 -7 0
250 -14861304349065216000000000 0 -6593536 -6 -10 0
363 -5595638552124920248320000 0 -575505 -5 -7 0
87 -25694339312560564944764928 0 -69567216 -24 -7 0
72 -471817571328000 0 -36992 -3 -5 0
121 -5898310155648368640 0 -4565764 -4 -9 0
326 -9444232841554868797440 0 -1631394 -11 -7 0
39 -494166459494400 0 -11865 -1 -7 0
867 -190915820106566996443791360 0 -147084080 -16 -11 0
278 -1472020451654538240000 0 -18764010 -5 -13 0
4465 -140985772658265308263891681280000 0 -522000325 -26 -19 0
129 -35517563786863271427687104643072 0 -70071678333 -17 -28 0
486 -22625565999735767040000 0 -1760800 -4 -18 0
60 -34813236566227046400 0 -2592704 -3 -11 0
54 -33255705066946560 0 -6313 -1 -9 0
35 -16706261975040 0 -18315 -2 -3 0
242 -653539690738057167765504 0 -57666088 -14 -4 0
97 -16790004246272935936000000 0 -131313670 -23 -5 0
38 -3287171858432000 0 -25432 -2 -5 0
19 -43257341952 0 -2508 -1 -1 0
184 -13746744956608046304768 0 -1631394 -11 -7 0
14 -16868715200 0 -593 -1 -1 0
95 -210749180608512 0 -13248 -1 -7 0
204 -8325955317493923840000 0 -10615960 -6 -10 0
194 -1536700815601827840 0 -122880 -2 -8 0
1652 -224597095418727094856712192 0 -68087088 -13 -14 0
854 -9977059506083361250985902080 0 -150993711 -11 -18 0
23 -3781531873050624 0 -150528 -1 -11 0
23 -27666535721730048 0 -218439 -1 -11 0
237 -1598934678045720576000 0 -313168 -8 -5 0
1974 -5634342175670657625335040000000 0 -150229246 -21 -10 0
487 -7040212652541447310934016 0 -1711696 -1 -27 0
938 -145292705592349459415040 0 -3874640 -9 -11 0
106 -74235112371592888320000 0 -19016416 -6 -10 0
2224 -35973932843849372634669277564108800 0 -70071678333 -17 -28 0
1916 -555491822657430396988293120 0 -321585152 -17 -12 0
1225 -15643016458975352421467136 0 -1793379 -7 -19 0
594 -72685570027595557081448448 0 -26421248 -8 -18 0
123 -4321732123754496000 0 -2741173 -3 -10 0
494 -7706701250578598400000 0 -1818806 -10 -11 0
336 -1275530292034220851200000 0 -7219264 -6 -10 0
1237 -3704635603502332821504000000 0 -39218712 -25 -12 0
315 -14554790552864494190592 0 -45675312 -3 -24 0
2838 -7663512145984272144850010112000 0 -46687153702 -30 -22 0
447 -36560071976501827540684800000 0 -706438077 -18 -15 0
260 -1213509026430163353600 0 -10963360 -19 -8 0
1430 -430864824291765740128916471808 0 -909522432 -16 -22 0
881 -307659958882388457486072938496 0 -321585152 -17 -12 0
66 -29789893165056000 0 -122880 -2 -8 0
2661 -4626349436162876078496153600000 0 -176412249 -29 -20 0
147 -1187421738238095360 0 -1180 -1 -11 0
78 -189962023600128000 0 -5928 -2 -5 0
1780 -62649300091874227687847362560 0 -36772608 -23 -8 0
143 -1371320616960000000 0 -48900 -3 -5 0
4146 -6167228629463031138358394880000 0 -4924800 -24 -18 0
760 -5828988470052080289054720 0 -9717132 -19 -4 0
411 -397959155048448000000 0 -504000 -5 -14 0
836 -4902244146396296896315392 0 -146541632 -12 -14 0
14 -4838400 0 -36 -1 -1 0
556 -34300736463708891989954887680 0 -255013890 -22 -6 0
388 -20588319899320320000000 0 -138400 -5 -7 0
101 -1365847807693824000 0 -169371 -10 -1 0
27 -1858595880960 0 -320 -2 -3 0
378 -17379929675530767251569202638848 0 -18414437166 -18 -17 0
341 -1377649843421984983233331200 0 -158233824 -17 -18 0
337 -39540880657610956800000 0 -441078 -10 -3 0
66 -274597380089708544 0 -80476 -6 -4 0
102 -24540073857553637508775936000 0 -2628762422 -20 -22 0
193 -4706935924311097344 0 -1944058 -1 -21 0
710 -46312966845037588692544880640 0 -243279735 -7 -19 0
143 -2067010644041728000 0 -98483 -2 -5 0
1553 -22745861213544026930013143040 0 -1232354420 -27 -14 0
185 -1780138080000000000000 0 -32508000 -5 -20 0
30 -170949972787200000000000 0 -8208000 -30 -30 0
213 -377251338182932142899200000 0 -9464400 -22 -15 0
291 -1032790376414026137600000 0 -645120 -4 -11 0
85 -331677080616960000000 0 -313168 -8 -5 0
551 -2203633870306220251791360 0 -1793379 -7 -19 0
391 -4999353092997120000 0 -2210640 -1 -30 0
671 -14381498808022326988172820480 0 -180279756 -7 -19 0
7103 -105085338902122812733078421301205401600 0 -6952140800 -29 -27 0
387 -7068210046023433565085696000 0 -123943882 -10 -27 0
165 -6837931807507102528880640000 0 -954097792 -7 -15 0
459 -222274093154008443125760 0 -46450040 -27 -2 0
27 -13167356350464000 0 -193568 -3 -5 0
119 -713545752268800 0 -193901 -1 -11 0
710 -7731731460070224776429568 0 -289736478 -7 -19 0
3984 -48532322973104744850263239557120 0 -146632416 -24 -18 0
288 -4715859061450476626116608 0 -229563792 -8 -18 0
728 -569202753388360683072415334400 0 -214750800 -17 -28 0
2736 -350670459272975527690240000000 0 -217607969 -29 -10 0
243 -478846565888163433021440 0 -6127245 -9 -9 0
9 -1240599649536 0 -6313 -1 -9 0
103 -2312239133198647296000 0 -12763728 -5 -7 0
292 -249706962852250417496064000 0 -119673688 -18 -10 0
45 -1872621883883520 0 -3080 -2 -3 0
103 -4304197632000000 0 -735 -2 -5 0
119 -177065828619072307200 0 -218439 -1 -11 0
277 -657826265133213083845926912 0 -2356304983 -21 -22 0
376 -23013079017062400000 0 -75264 -4 -10 0
2394 -52077094317697669477171200000 0 -871042304 -20 -26 0
214 -1858985844608970749952 0 -1944058 -1 -21 0
72 -96112720464652224000 0 -1387818 -3 -15 0
4046 -55563276988505972869048419840000 0 -44342276 -29 -15 0
1246 -95739602527542655215206400000 0 -504731136 -14 -20 0
146 -189543992174442766080 0 -6074412 -3 -11 0
4236 -9289966256130377757148454928384000000 0 -2190334796 -15 -29 0
21 -1222788441600 0 -5415 -1 -3 0
73 -1679454659473145856 0 -33687 -1 -18 0
5169 -72207510622846780641948382003200 0 -7708395492 -21 -26 0
702 -5851348810033604813996949504 0 -128050538 -29 -6 0
418 -316945790843150030447877163425792 0 -485824498 -19 -21 0
100 -21162026373691392 0 -38777 -1 -7 0
236 -1154663576248007251722240 0 -624960 -12 -14 0
29 -31753030839828480 0 -7680 -1 -7 0
25 -1048909484261376 0 -2064 -1 -3 0
5269 -107543944900914914331197440000000 0 -104794144 -20 -29 0
459 -172855046249644032000 0 -215784 -9 -5 0
39 -4689869184000000 0 -74880 -1 -7 0
16 -115974043960320 0 -11519 -1 -7 0
459 -6737432765331820425164881920000 0 -131472000 -11 -24 0
126 -312328776136170636509184 0 -163268 -14 -7 0
1533 -5402462647799443864444082454528 0 -151611357 -18 -21 0
7 -31097328733126656000000 0 -292783920 -30 -7 0
677 -2637117710311436352000 0 -9637173 -10 -7 0
444 -1502552747553201298903778438676480 0 -3060134080 -28 -12 0
11 -880517120 0 -581 -1 -1 0
7319 -770799019729543548695680269680640 0 -26919489456 -29 -27 0
602 -37168483844914937856 0 -1627648 -2 -22 0
1163 -597292577510094532509696000 0 -131472000 -11 -24 0
179 -377479400499777945600 0 -1560615 -3 -11 0
35 -176811335221248000 0 -74880 -1 -7 0
315 -8753290253463600000000000000 0 -7224750 -25 -10 0
161 -219735062455384819200000 0 -9707100 -11 -10 0
381 -111627641742309522948096000 0 -2681316 -6 -15 0
398 -121558639968377213952000 0 -34882568 -5 -7 0
41 -46638150451200 0 -36512 -2 -3 0
368 -2768581138186321920 0 -1102640 -3 -11 0
957 -3710769222541315038568117936128 0 -128050538 -29 -6 0
344 -9461500545968499916800 0 -388800 -3 -11 0
97 -22730861698912317210624 0 -50452816 -13 -6 0
5721 -1362309565923305456561525394432000000 0 -23475761041 -25 -24 0
1393 -1957446037142567707849261056 0 -31030416 -9 -16 0
7416 -62912535383413929001793226681876480 0 -2449839728 -29 -27 0
766 -2409362427297643748130816000 0 -11287726720 -22 -24 0
64 -774853393457092755456 0 -228288 -28 -4 0
136 -1754962329600000000 0 -7600 -3 -4 0
944 -840021950560041218089156608 0 -3571458 -8 -26 0
144 -811295122670489600 0 -291091 -1 -11 0
736 -360259316702497610152280064 0 -18997308 -23 -28 0
14 -14571048960 0 -8108 -1 -1 0
1711 -916090585628708265431040000 0 -218432275 -11 -17 0
56 -21674993658811121664 0 -365864 -9 -2 0
58 -865228827189248000 0 -33853 -2 -5 0
86 -104203363845301862400 0 -660480 -2 -28 0
90 -1103937400448483328 0 -37632 -6 -2 0
731 -3537986572552323168829440 0 -324198 -7 -19 0
28 -8716460544000 0 -6000 -1 -3 0
57 -12091248684564480 0 -1020 -2 -3 0
260 -91680089902916179452755968 0 -2736448 -28 -4 0
11 -9437184000 0 -720 -1 -1 0
143 -1197597843180748800000 0 -8456612 -5 -7 0
17 -3591897088 0 -1054 -1 -1 0
100 -99899080704000000 0 -169371 -10 -1 0
271 -59080395370447503360 0 -1711696 -1 -27 0
120 -1664409600000000000000 0 -32508000 -5 -20 0
71 -25016435239606272000 0 -1560615 -3 -11 0
120 -41712851880605908992 0 -29187168 -11 -8 0
178 -1970397444575446771433472 0 -191722384 -22 -6 0
580 -112362679204577280000000 0 -10888320 -6 -10 0
327 -167580393546424320000 0 -3018060 -15 -3 0
159 -5782464874062627772170240 0 -180279756 -7 -19 0
93 -768602234880000 0 -1880 -2 -5 0
63 -24804233164800000 0 -48900 -3 -5 0
1780 -2952073159114752000000000 0 -35147520 -20 -20 0
18 -21961912320000 0 -29420 -3 -5 0
1286 -21922941904428160566365159424000 0 -217607969 -29 -10 0
55 -1532805120000 0 -1000 -1 -3 0
288 -3259953283275029584281600000 0 -1019609112 -30 -18 0
26 -39828408238080 0 -2871 -2 -3 0
1056 -105451724012325647155200 0 -19617792 -24 -8 0
579 -19043043743221160132279040 0 -6041145 -7 -19 0
303 -379948394511922252382208000 0 -706438077 -18 -15 0
161 -63539074738298880 0 -365864 -9 -2 0
158 -554073113965363200000 0 -169728 -3 -5 0
25 -2489981644800 0 -5200 -1 -3 0
99 -7880939793072783360 0 -181440 -3 -6 0
94 -277960694169600000 0 -785434 -6 -10 0
36 -543870087856128 0 -167409 -2 -3 0
5148 -2333843373606714112957261515325440000 0 -11283500280 -30 -18 0
1056 -2060644412388384114254807040000 0 -6811076160 -30 -24 0
2998 -10509893524816040162683256832000 0 -46866688 -30 -22 0
92 -1716375210275540828160 0 -660480 -2 -28 0
227 -994955367316378268298921984 0 -150993711 -11 -18 0
66 -887136148194467323576320 0 -53879904 -12 -18 0
192 -6212496552302592000 0 -192617 -3 -5 0
3522 -195276074073374136639711043584 0 -758695448 -29 -13 0
474 -7509161358034945928331264000 0 -286730766 -20 -14 0
107 -62934405304320000 0 -29880 -3 -5 0
174 -119229549641799303168000 0 -24514336 -6 -10 0
686 -8342925944374193356800000 0 -118744274 -5 -14 0
38 -10124062908019200000 0 -151973 -3 -5 0
1566 -210766858488991536578368623083520 0 -975800673 -18 -9 0
502 -2250704562039023829876385726464 0 -485824498 -19 -21 0
40 -25584806707200 0 -5200 -1 -3 0
147 -138879770304459030528 0 -3465212 -1 -11 0
274 -24689067083749284480 0 -2288929 -27 -1 0
176 -64727842630561431552000 0 -73807776 -16 -10 0
708 -459497460324067541463859200000 0 -2628762422 -20 -22 0
30 -2333367336960 0 -18315 -2 -3 0
173 -82782977209200930816000 0 -1042908 -7 -10 0
38 -158638562546494464 0 -134657 -1 -17 0
25 -1643055258009600 0 -1741044 -1 -16 0
58 -1507100395367123796197376 0 -9394353 -9 -22 0
118 -3598630171136000000 0 -1935440 -5 -7 0
48 -859008623616 0 -20427 -1 -3 0
28 -252747387346452480 0 -822880 -19 -1 0
95 -51557865984000000 0 -138133 -2 -5 0
169 -10579789584901519441920 0 -4435780 -4 -17 0
56 -109172696599756800 0 -18792 -2 -9 0
70 -3203100142416691200000 0 -1530696 -6 -10 0
73 -6708728406582272000 0 -2442488 -5 -7 0
936 -50421433865599842007820271616 0 -590763128 -29 -8 0
208 -3362421061821724672000 0 -910672 -5 -7 0
18 -151108369790271488 0 -254464 -14 -1 0
34 -2511834131058130944 0 -285948 -2 -13 0
80 -1169881395639091200 0 -255840 -13 -2 0
40 -79352262033408 0 -4032 -1 -3 0
87 -512729855231483904000 0 -3686597 -5 -7 0
948 -3996043281841032572801384448 0 -97655252 -8 -12 0
136 -63541668174888960 0 -80640 -3 -4 0
216 -97440280080221159424000 0 -23911200 -7 -19 0
339 -48385176216591694233600 0 -15210492 -21 -3 0
1511 -1218237782686984360586120960000 0 -217607969 -29 -10 0
348 -11097534971314176000 0 -2442488 -5 -7 0
67 -1039272594694041600000 0 -2741173 -3 -10 0
103 -89025321369600 0 -113400 -1 -11 0
270 -6989841641039737180299264000000 0 -163303522 -10 -27 0
2492 -36551471448258427599454208 0 -898304 -28 -22 0
2296 -559263312230537320000000000000 0 -4030506676 -25 -19 0
15 -1887467942707200 0 -6720 -1 -7 0
45 -30088258421987082240 0 -302060 -2 -9 0
227 -2646806235562639360000 0 -1341440 -5 -23 0
20 -17570372182999040 0 -7817542 -1 -19 0
1441 -72461682332690408275968000 0 -31030416 -9 -16 0
124 -64990374329075908608 0 -372708 -1 -23 0
226 -44532696860648275968 0 -7287066 -2 -26 0
506 -363259858519567761543880704 0 -613421676 -23 -21 0
119 -2132633235206014894080 0 -2635535 -2 -13 0
1301 -10608951110449421083343560704000 0 -219038400 -7 -19 0
360 -13769328507496551677952000 0 -206270550 -18 -11 0
144 -261913809785816786927616 0 -212937312 -23 -6 0
91 -1378013989996265603072 0 -43835668 -19 -8 0
953 -148643911000857076767275335680 0 -10919740685 -28 -29 0
174 -129011335417036800000 0 -24364080 -6 -10 0
74 -4441660953600000 0 -143509 -5 -1 0
88 -3984841245292756992 0 -239616 -2 -8 0
199 -96532191101583360000 0 -310080 -4 -15 0
2175 -52744861081358853860229120000000 0 -109536540 -15 -16 0
2661 -383315642024396819791872000000 0 -104794144 -20 -29 0
215 -41364787075682720588346949632 0 -35188608 -7 -19 0
831 -2993072719147393351680000 0 -514748700 -8 -23 0
30 -804413994547968 0 -120667 -1 -3 0
552 -22540125755256260788224000 0 -9005648 -5 -12 0
13 -3024470016 0 -2064 -1 -3 0
1264 -4936558369109270593536000 0 -75349120 -22 -6 0
113 -146967990008484895064064000 0 -231000192 -5 -18 0
87 -14440909580697600000 0 -492800 -3 -5 0
2 -1121280 0 -60 -1 -1 0
775 -1989163581366657024000000000000 0 -84807475200 -25 -27 0
754 -174935324433683526451200000 0 -41636056 -4 -30 0
124 -302295260174745600 0 -7600 -3 -4 0
17 -109430982144000 0 -14193 -2 -5 0
103 -28303316041728000 0 -17808 -2 -5 0
15 -15827491749888 0 -27612 -1 -7 0
239 -95310822731688345600 0 -2635535 -2 -13 0
637 -1422826365747684228468156923904 0 -4217010756 -28 -21 0
536 -4656116523962795840957399040000 0 -96251350 -17 -26 0
204 -67917156817305600000000 0 -9872100 -6 -10 0
468 -3649173615920929572000000 0 -3018060 -15 -3 0
1470 -9782789052865604895784304640 0 -31667328 -14 -26 0
47 -219141115945205263736832 0 -26614613 -23 -6 0
2365 -300181426740000000000000 0 -7224750 -25 -10 0
79 -18185208201216 0 -2809 -1 -7 0
39 -1115231846400000 0 -5184 -1 -7 0
924 -1535922780132180530405163663360 0 -321585152 -17 -12 0
698 -933096511380190137716736000 0 -3259927 -10 -7 0
167 -4984570331080704000 0 -67977 -3 -5 0
14 -10710429990912 0 -84068 -2 -3 0
542 -197103302435499740170813440000 0 -44766720 -28 -10 0
144 -5827325662679443439616 0 -4552848 -3 -11 0
425 -2236140078495945687042711552 0 -793993487 -14 -13 0
549 -782688710354072670720 0 -32328010 -9 -13 0
114 -40154283221943582720000 0 -2706816 -6 -10 0
341 -9853833764521811222880583680 0 -26437320 -9 -26 0
5516 -2215943983796500726029169459200000 0 -176412249 -29 -20 0
367 -1418995238473062931709952 0 -17847907 -28 -3 0
47 -15865676586547200000 0 -71442 -3 -5 0
2926 -959257930310401091582072655872 0 -7098716528 -19 -17 0
223 -21570184626703433728000 0 -3686597 -5 -7 0
21 -4897859174400 0 -2720 -1 -4 0
524 -10016600121421917585408000000 0 -20859200 -20 -24 0
618 -1988681184438280840544256000 0 -65875728 -12 -10 0
2138 -32853715543395863101440 0 -2042880 -8 -26 0
439 -144924128540434994363891712000 0 -81871684 -7 -27 0
80 -16878193479254016 0 -180901 -2 -13 0
726 -3142008402434643197952000 0 -633654816 -6 -30 0
557 -49511624637192240364093440000 0 -131313670 -23 -5 0
1630 -8575792189424481997946880 0 -1718080 -28 -6 0
24 -97175863296000 0 -61020 -2 -3 0
11 -252968960 0 -386 -1 -1 0
143 -16702392828065218560 0 -16560 -1 -11 0
5 -7219200 0 -282 -1 -1 0
828 -84310262007053088074946827858645760 0 -17500484745 -27 -23 0
47 -22095559613455663104 0 -4752653 -3 -11 0
106 -2475570673106288640 0 -1429756 -4 -6 0
399 -282222509723320320000 0 -173600 -3 -11 0
263 -11763853833933860980654080 0 -73359180 -4 -19 0
212 -57406786777475186688000000 0 -46533760 -20 -8 0
204 -126263723714150400000 0 -286720 -6 -10 0
119 -116633903890783518720 0 -255840 -13 -2 0
57 -684767182749696 0 -1088 -2 -3 0
62 -1612566222962688000 0 -102272 -3 -5 0
50 -2735936773627576320 0 -122880 -2 -8 0
3188 -32441372521327449663142128205824 0 -2449839728 -29 -27 0
107 -20950632085329543168 0 -12816144 -3 -26 0
180 -9897945802668268240896 0 -565136 -7 -19 0
839 -15630356384373160448409600000 0 -460508640 -11 -15 0
1188 -111181295236999825913241600000 0 -5536833428 -15 -17 0
474 -60643439306559342358246195200 0 -146632416 -24 -18 0
304 -54879197774449756078080000 0 -597410071 -16 -15 0
1420 -33349136370206994863939911680 0 -3060134080 -28 -12 0
486 -1000751243910015606103274618880 0 -244739070 -23 -18 0
14 -1699750400 0 -485 -1 -1 0
4095 -449612285229793377020961000000000 0 -2135092695 -30 -15 0
39 -23204270297925550080 0 -7206960 -3 -12 0
66 -18590838640502374400 0 -20015800 -2 -22 0
464 -10547523190118154240000000 0 -877702800 -30 -14 0
144 -113113721605529272320 0 -22235136 -12 -11 0
74 -201595479128518164480 0 -57666088 -14 -4 0
4191 -92943794582247702528000000 0 -192672000 -15 -29 0
2558 -6511121003329552343566909440000 0 -44766720 -28 -10 0
2327 -8860837498850633964049543597129728 0 -13505287764 -23 -24 0
398 -30884139793584000000000 0 -149688 -5 -7 0
93 -2646998523445248000 0 -1963157 -12 -5 0
57 -24257512181760000 0 -255000 -2 -13 0
119 -4034837610496000 0 -185024 -1 -11 0
288 -10179802963222180755771198799872 0 -34902020736 -27 -29 0
114 -430364810729553920 0 -744088 -1 -11 0
57 -38976870400000 0 -650 -2 -5 0
216 -44556199979510661120000000 0 -105857640 -10 -16 0
24 -664112582319144960 0 -132840 -8 -4 0
879 -331032876727770961920000000000 0 -14635380 -6 -15 0
111 -2019761978572800000 0 -113400 -1 -11 0
1518 -3985458228629366045147136 0 -22717968 -28 -6 0
2156 -29676421196114978059673665536000 0 -214750800 -17 -28 0
286 -46875885457833636794776682496 0 -1603894264 -12 -22 0
35 -916479360000000 0 -29880 -3 -5 0
21 -3515944203878400 0 -61020 -2 -3 0
56 -28548032731545600 0 -55328 -2 -6 0
1336 -7815487662061793280000 0 -23911200 -7 -19 0
45 -13027018752000 0 -1180 -1 -11 0
875 -10232832306080200714931404800 0 -206270550 -18 -11 0
1396 -15500647537787665643765760 0 -70386393 -7 -19 0
28 -3561545728000000 0 -164060 -2 -5 0
27 -251939820109824 0 -167409 -2 -3 0
152 -2696594241940103135232000 0 -2481912 -5 -7 0
147 -1357313133130164602929152 0 -15210492 -21 -3 0
36 -1300513751040 0 -12768 -1 -7 0
78 -54570707582976000 0 -3978 -2 -5 0
380 -2086242573291631882292145684480 0 -1755925196 -19 -16 0
1780 -24832686828079756058906591232 0 -36772608 -23 -8 0
255 -39399539416189894656 0 -64896 -13 -2 0
192 -4305540201115104000 0 -151973 -3 -5 0
114 -7622060405686272000 0 -13832 -6 -2 0
712 -75362427543005263822775119773696 0 -11591207328 -22 -24 0
456 -516669649866296278942482432000 0 -633654816 -6 -30 0
90 -901036035067084800 0 -122880 -2 -8 0
1806 -153576523069141162054516184678400 0 -1210397370 -21 -21 0
27 -175432531968 0 -1088 -2 -3 0
828 -91549079135948648742912000 0 -296811952 -18 -10 0
1738 -2304562107058699214300000000 0 -953164675 -7 -25 0
1324 -23756180313480280145920000 0 -367147264 -8 -17 0
213 -85784256358963073856000 0 -3686597 -5 -7 0
224 -3398203397635862133662023680 0 -469856192 -22 -26 0
243 -356167878644417495040 0 -1560615 -3 -11 0
7792 -15387530106254651882911825920000 0 -2993141760 -30 -28 0
973 -3471776483902813361721600000 0 -17797252 -7 -15 0
1299 -2509583413322513784134736000000 0 -1910703444 -11 -25 0
36 -452653794028800 0 -11519 -1 -7 0
1090 -1173371647500000000000000000 0 -7224750 -25 -10 0
3100 -343285479097283389685760000 0 -3060134080 -28 -12 0
2218 -1470943297717456676585472000 0 -119491008 -22 -10 0
147 -625238002073862144 0 -291091 -1 -11 0
1225 -1224945305847393609464832 0 -70386393 -7 -19 0
199 -165973633708943327232 0 -1793379 -7 -19 0
2367 -37133493476586260907048142897152 0 -35651951606 -18 -29 0
122 -120579050895298265088000 0 -19220032 -8 -10 0
22 -1411988611072 0 -8108 -1 -1 0
624 -10527610632452615536902144000 0 -124376560 -16 -24 0
78 -2966622947067285209088 0 -16153984 -3 -22 0
441 -71330813408830543626240 0 -3341520 -9 -12 0
1067 -45202090354934845787596652544 0 -628793684 -11 -24 0
1454 -2670101805975039158884761600 0 -77696640 -6 -26 0
580 -24396479881386393600000000 0 -35147520 -20 -20 0
2324 -1984735931966073016486251724800 0 -1011798216 -24 -23 0
1279 -20435399746824509980983296 0 -380305607 -7 -19 0
389 -6082016611838516949285863424 0 -8165888 -29 -12 0
128 -3084495348620674990080000 0 -145661760 -18 -5 0
53 -21973056936450048 0 -167409 -2 -3 0
257 -38069686034100580515840000 0 -145661760 -18 -5 0
3100 -707248069171059410193088512 0 -711122688 -12 -28 0
183 -45960864056487126972825600 0 -17052450 -22 -7 0
454 -2471536575144000000 0 -176904 -1 -25 0
22 -24708104221032972288000 0 -65875728 -12 -10 0
13 -338550784000 0 -25432 -2 -5 0
13 -11679768576 0 -5194 -1 -1 0
279 -234968435627277189906432000 0 -142850624 -26 -5 0
359 -1094661305851576320000 0 -255000 -2 -13 0
500 -251913338774031403397746262016 0 -116086256 -24 -17 0
3334 -47153425584148699225995847139328 0 -2232417048 -22 -16 0
29 -96501030912000 0 -61020 -2 -3 0
129 -1262087253287239680 0 -181440 -3 -6 0
5329 -637073594978118278180219912192000 0 -1198783424 -20 -29 0
322 -7138822751409143808000 0 -11751568 -10 -3 0
2997 -543208732104262453729689600000 0 -105321600 -23 -30 0
37 -818047733336064000 0 -441078 -10 -3 0
2740 -2029316767455225249792000000000 0 -70176000 -10 -30 0
279 -20030363475445009612800 0 -123066495 -3 -23 0
64 -286643229140975616000 0 -1446900 -13 -12 0
239 -19987632152621349765120 0 -1988954 -2 -13 0
295 -4053823341363525058560 0 -78540 -4 -7 0
2812 -22987517319955930496229489770496 0 -2438389616 -19 -16 0
139 -3007995385120695679610880 0 -2288929 -27 -1 0
611 -7879798126600235827200000000 0 -192672000 -15 -29 0
878 -11030174279752726734350647296 0 -4701088 -13 -7 0
96 -62129700864000 0 -7600 -3 -4 0
733 -47876570584260228138059956224 0 -412788368 -28 -13 0
63 -4809775251456000 0 -102272 -3 -5 0
2943 -6616355417146923883992576000000 0 -35860413312 -25 -27 0
923 -4606356684292632493424640 0 -278467845 -11 -19 0
116 -14386340846429798400 0 -78540 -4 -7 0
119 -2158561918871142400 0 -552368 -1 -11 0
89 -1022837282366423040 0 -368828 -1 -11 0
247 -698962761679794733056 0 -194298 -2 -13 0
3418 -1032105896153187005623173120000 0 -2993141760 -30 -28 0
80 -645553510318080000 0 -13500 -2 -13 0
567 -39732642422648141921648640 0 -20156160 -3 -27 0
43 -46231631953920 0 -80640 -3 -4 0
154 -2082507358917686722560000 0 -41636056 -4 -30 0
108 -5008573989884788736000 0 -910672 -5 -7 0
74 -184013254656000 0 -5184 -1 -7 0
1029 -4578953465030324666989835059200 0 -377458900 -28 -21 0
43 -1731221766144 0 -208 -1 -3 0
296 -72444634538322061405716480 0 -3717120 -14 -16 0
54 -39843823878144 0 -5148 -2 -3 0
2439 -25843465351854372390375014793216 0 -13505287764 -23 -24 0
83 -3629357693337376000 0 -671333 -5 -7 0
92 -38377107750912000 0 -106008 -2 -5 0
4044 -34415215898399242287243264 0 -84459656 -19 -23 0
822 -12367207131795693244514304 0 -11591207328 -22 -24 0
28 -22448908958228480000 0 -180901 -2 -13 0
506 -8073216613807746815835832320 0 -758695448 -29 -13 0
261 -188656269749712051037536256 0 -590763128 -29 -8 0
86 -10796738403090038784 0 -15378176 -28 -2 0
15 -3235656314880000 0 -39567 -1 -11 0
16 -531442551581433617448960 0 -2357821440 -28 -16 0
591 -10206603792510914396160 0 -762972 -28 -3 0
166 -13231474240188475744085606400 0 -2232417048 -22 -16 0
55 -7670906880000000 0 -13440 -5 -7 0
2409 -5322564054428888736000000000 0 -508386900 -21 -25 0
80 -13811265603019653120 0 -716496 -3 -11 0
3750 -54104063731153920000000000000000000 0 -8208000 -30 -30 0
1396 -18362343762560080646344396800 0 -40847292 -7 -19 0
37 -30779698419031080960 0 -21416320 -4 -21 0
132 -3862102905525731328000 0 -86261868 -3 -30 0
2472 -1225742772472313942348320997376 0 -628793684 -11 -24 0
4059 -886355008552638261396032716800 0 -694916208 -27 -16 0
59 -2065695099494400000 0 -16560 -1 -11 0
146 -41952878919015497072640000 0 -118744274 -5 -14 0
62 -176403236621269504000 0 -8456612 -5 -7 0
633 -2416019438837781504000000 0 -39218712 -25 -12 0
170 -38008925375817170944000000 0 -10324240 -13 -10 0
159 -9332821190246400 0 -52836 -3 -11 0
7932 -21093581073002189102283069849600000000 0 -2993141760 -30 -28 0
564 -72212379192923258880000 0 -10615960 -6 -10 0
1769 -6503801130068155752171700224000000 0 -112267584 -25 -16 0
107 -42197702580633600 0 -161568 -4 -7 0
51 -2798443693080576 0 -81656 -2 -3 0
553 -2771215783264603139106816000 0 -123943882 -10 -27 0
761 -1771407349918347778560000 0 -39380 -5 -14 0
77 -4392350191484928000 0 -1272482 -3 -5 0
2 -118304390984499200 0 -24166400 -2 -26 0
585 -28628399729372495245240320 0 -202630477 -13 -9 0
137 -118567238400000 0 -650 -2 -5 0
11 -5009571840 0 -637 -1 -1 0
335 -166465831813651183435776 0 -2592704 -3 -11 0
74 -881093574404062838784 0 -57666088 -14 -4 0
778 -362712089723815984103424000 0 -46866688 -30 -22 0
459 -3732172401072533948590325760 0 -8301679019 -22 -19 0
144 -381069853247644539939717120 0 -289845920 -8 -18 0
315 -8991812500000000000000 0 -256250 -10 -25 0
782 -429350363473924122245370740736 0 -314696304 -6 -26 0
2603 -37119434467372254540865732608000 0 -131472000 -11 -24 0
152 -133323621709824000 0 -1662128 -5 -7 0
1250 -3698520907276800000000000 0 -210620960 -29 -10 0
56 -17430354223349760 0 -281939 -1 -11 0
418 -3858317437708620113920 0 -643195 -23 -1 0
40 -379145287859783136706560 0 -979231764 -14 -26 0
71 -653809305472545024 0 -7251017 -3 -11 0
65 -8744628879360 0 -935 -2 -3 0
150 -761128260415601184000000 0 -592796814 -15 -9 0
117 -305501043001651200000 0 -2175687 -3 -5 0
278 -1256436757757952000 0 -565562 -2 -10 0
160 -2975419738836311861248000000 0 -125035360 -5 -23 0
222 -168131088158690307456 0 -134657 -1 -17 0
614 -6572169112511436156637544448 0 -9227088 -7 -19 0
83 -1246692397547520 0 -935 -2 -3 0
91 -16000693862400000 0 -482274 -10 -1 0
512 -213885862427681095680 0 -2633780 -8 -7 0
4185 -556655924348414087250600000000000000 0 -2135092695 -30 -15 0
460 -22831126183516821258240 0 -13243276 -16 -3 0
221 -1041798342648780554240 0 -9984635 -2 -13 0
94 -55996010094831206400000 0 -9872100 -6 -10 0
800 -1603826827124426891046420480 0 -3870920 -29 -18 0
789 -656000702668050892475439513600 0 -341849172 -24 -21 0
140 -188841576573698048000 0 -20015800 -2 -22 0
3860 -153445634829071603940196352 0 -19407302 -19 -22 0
322 -393044831737148046066057216 0 -130826388 -14 -14 0
2339 -4161030037771299338492612444160 0 -9897983724 -29 -19 0
234 -882533454569275392 0 -243648 -18 -1 0
2554 -242673324984187077263360000000 0 -181388416 -20 -14 0
1756 -276572926933000871800209408000 0 -649656064 -12 -16 0
930 -339755019718181665942536192 0 -22717968 -28 -6 0
32 -35002334822400000 0 -191818 -2 -5 0
354 -8271772876800000000 0 -3240000 -6 -12 0
596 -88450952980842676224000 0 -46450040 -27 -2 0
263 -15581625173833778320448672464896 0 -8085207951 -14 -23 0
279 -181276137711297127710720 0 -44582247 -3 -23 0
1737 -92844615892613691027808051200 0 -117717975 -21 -9 0
20 -408588809207040 0 -10487 -1 -11 0
432 -4311407885283649497914671104 0 -305858432 -16 -26 0
272 -591753885801877488638361600 0 -22732800 -22 -8 0
978 -1224834197134191419119525429248 0 -22717968 -28 -6 0
156 -182891656001046812140339200000 0 -877702800 -30 -14 0
87 -177281453260800000 0 -169632 -3 -5 0
3636 -306563123061585898175004180480 0 -304773896 -27 -14 0
593 -1199076873648188455055536128 0 -7708395492 -21 -26 0
33 -422884530060137164800000 0 -706438077 -18 -15 0
179 -9238547857540414832640 0 -1013252 -17 -1 0
2603 -65457454049694004485499670299705344 0 -1172377898 -27 -23 0
2213 -520825288849281478973463920640 0 -26437320 -9 -26 0
56 -1634109232250880 0 -185024 -1 -11 0
152 -3253399483807200000 0 -671333 -5 -7 0
2184 -47942125019438351611487846400000 0 -3173719776 -30 -16 0
114 -76094624388612096000 0 -388096 -6 -10 0
360 -2178398686464000000000000000 0 -145314000 -10 -25 0
5236 -157930905329814908176957440000000 0 -41275144 -30 -19 0
468 -94502517350949604691974029312 0 -320265792 -24 -9 0
981 -2671054102640218079232000000 0 -44340800 -20 -9 0
2707 -237738442617369972408582144 0 -4851616 -27 -22 0
318 -2567497922609152000000 0 -7287488 -2 -25 0
1100 -62123755438080000000000000000 0 -32508000 -5 -20 0
2328 -224341738412766603625872437732352 0 -3524903999 -21 -23 0
528 -28770057912913545673999024128000 0 -831933558 -15 -27 0
18 -83443322880000 0 -49680 -3 -5 0
809 -498261900452400437960355840000 0 -29218748598 -21 -29 0
17 -104860811188224000 0 -67977 -3 -5 0
151 -1097590798457244789800960 0 -9984635 -2 -13 0
651 -1281055069723752271872000 0 -14940288 -21 -3 0
2155 -92057600717504341205893447680 0 -956636719 -19 -27 0
130 -104130535776583680 0 -74880 -1 -7 0
319 -185361658299579259846656000 0 -12970196 -7 -11 0
4147 -3377999512040911053388775424 0 -694916208 -27 -16 0
57 -24490015924543488 0 -3068334 -18 -3 0
47 -23084341491816202240 0 -274360 -1 -19 0
160 -817229479065167462400 0 -620160 -19 -3 0
119 -99534594656633241600000000 0 -210620960 -29 -10 0
69 -95479249582080000 0 -69840 -15 -1 0
419 -10406915153844478498275177922560 0 -1232354420 -27 -14 0
128 -395144426659840000 0 -164060 -2 -5 0
1617 -683334191317801980383614623744 0 -485824498 -19 -21 0
329 -4086129544943348144406528000 0 -321585152 -17 -12 0
341 -741644229185768561393664 0 -6962036 -19 -2 0
108 -3096167231451410989056 0 -1212944 -18 -2 0
606 -3521445434879087282875269120 0 -10085718 -24 -6 0
1017 -321071158455413870989040025600000 0 -105321600 -23 -30 0
222 -17873787416161298644205568 0 -10085718 -24 -6 0
429 -3671476372546586346239557632 0 -1370618412 -13 -24 0
1273 -3242759199878825215421349888 0 -1793379 -7 -19 0
170 -21890541432731811840 0 -1102640 -3 -11 0
23 -316753182720000 0 -12240 -3 -5 0
1200 -1190164969234901237760000000 0 -8600640 -4 -30 0
286 -16281805750194237603840 0 -1429756 -4 -6 0
604 -283540818840863728892850995200 0 -190086947 -28 -11 0
204 -182373404286910464000 0 -9940834 -6 -10 0
100 -2968534017205399552 0 -38777 -1 -7 0
304 -79932395611408564224000 0 -4066816 -6 -10 0
1569 -215755992981009353579574067200 0 -1446900 -13 -12 0
1843 -35777976074222668625844633600 0 -647702400 -24 -19 0
2499 -710259426297693827039232000000 0 -131472000 -11 -24 0
1132 -270665311263866370512228736000 0 -49457268 -5 -23 0
74 -209450498181120000 0 -9450 -1 -7 0
41 -1069610572800 0 -2871 -2 -3 0
1625 -756527780649528504617009152 0 -43251988 -13 -13 0
564 -10312828789991638302720000 0 -1530696 -6 -10 0
6726 -1273674335197429125831569965056000 0 -78136704 -30 -24 0
151 -16315078208300974080000 0 -2210640 -1 -30 0
278 -5680850481266688000 0 -2968992 -13 -5 0
659 -2905754795594633750469811200 0 -3524903999 -21 -23 0
232 -282365029666520668569600 0 -10536600 -24 -4 0
512 -120158211229155360849788928 0 -3634176 -2 -26 0
963 -64746863409450730643249053040640 0 -5902205040 -23 -28 0
1396 -63542062691111334313984000 0 -46140016 -7 -19 0
1385 -8876533980121744438624708067328 0 -7098716528 -19 -17 0
8 -11761565491200 0 -82075 -1 -7 0
254 -1448113021262284445366353920 0 -244739070 -23 -18 0
243 -775004144014677450424320 0 -1102640 -3 -11 0
1375 -115780137020458359570300928 0 -64844302 -7 -19 0
80 -69261284003059388800000 0 -3686597 -5 -7 0
30 -11563281645129826304000 0 -20015800 -2 -22 0
26 -10178857078397705354209280 0 -90569890 -7 -19 0
343 -3114153589388038812160000 0 -2843035 -5 -7 0
351 -34042680414883871797248 0 -53395888 -13 -27 0
435 -42194403821865357861310955520 0 -190086947 -28 -11 0
360 -9531214029536452656758784000 0 -14601600 -11 -18 0
67 -12473063178240 0 -7680 -1 -7 0
1322 -6249839991648605479895040 0 -289845920 -8 -18 0
212 -51306553267245607212145926144 0 -3524903999 -21 -23 0
624 -2119402846894148416332103680 0 -151611357 -18 -21 0
1440 -771406190174011392000000000 0 -55715660 -20 -15 0
106 -1084829061279744000000 0 -18015226 -6 -10 0
775 -18633903373015559709179904 0 -138118251 -7 -12 0
388 -10687227844884430848000 0 -2237952 -20 -2 0
363 -72070713000917729280000000 0 -10670400 -15 -12 0
17 -265169203200000 0 -191818 -2 -5 0
2418 -32892068861487095276583058931712 0 -2970986928 -21 -26 0
56 -2965495277961216000 0 -63000 -1 -11 0
289 -124999085504231783792640 0 -16153984 -3 -22 0
38 -169799666533039664529408 0 -12816144 -3 -26 0
296 -32984082195884802048000 0 -568160 -8 -8 0
57 -1284221233152000 0 -13500 -2 -13 0
98 -1925817345344256000000 0 -1935440 -5 -7 0
33 -2644302495744000 0 -3978 -2 -5 0
206 -15811468061673259008000 0 -3451310 -12 -2 0
3568 -163048230611383296468902215680 0 -124376560 -16 -24 0
1773 -4873107423330543248739385344 0 -151611357 -18 -21 0
242 -1790433898266624 0 -194298 -2 -13 0
204 -922838165825001451683840 0 -21416320 -4 -21 0
5372 -3634607901297288476736362643456 0 -10670884224 -22 -26 0
461 -24925882066392596889600000 0 -9707100 -11 -10 0
26 -9320758259347132416 0 -324198 -7 -19 0
420 -1130785027646723850240000000 0 -1955100000 -21 -14 0
112 -6359665213440000 0 -95760 -2 -5 0
4756 -322751128801391717071226982400 0 -522000325 -26 -19 0
5007 -20426696573026327617059627728896 0 -407744004 -19 -29 0
52 -184341739178271265322434560000 0 -3212756920 -22 -30 0
152 -8765535739087898294146301952 0 -979231764 -14 -26 0
1068 -2122269967374455808000000 0 -7849920 -7 -15 0
203 -592569740299061591801856 0 -159265683 -11 -16 0
416 -3451197613724439183360000 0 -217607969 -29 -10 0
178 -4900522230154442774937600 0 -23911200 -7 -19 0
13 -670298112 0 -2508 -1 -1 0
1077 -4827888391226319175680 0 -26761920 -17 -6 0
18 -52460060147712 0 -4256 -2 -3 0
